9674
627
4068
969
4300
3893
5605
3282
2838
8768
9312
6468
142
6994
6841
6634
1679
3821
2222
5131
2604
748
5539
2306
9188
5741
4715
6356
4071
4265
5678
4723
5632
4569
2170
5274
3886
4064
4326
5707
7870
7242
711
6202
6049
7736
3063
1491
2746
3037
496
2247
8914
8645
919
3315
8829
1063
7323
199
4140
7585
2391
127
481
9137
6373
696
8608
3556
407
7766
611
6808
4518
9909
817
3731
9954
3901
191
4057
1127
4417
6922
2686
886
6164
5288
5270
7745
3862
4694
6348
6811
8249
4003
3718
7620
4004
380
3425
8635
3543
4804
9374
2972
4736
3153
6759
1945
836
6564
2505
4758
3089
3542
4397
6765
6707
8910
4603
7244
6818
3906
2112
9512
2985
8114
172
1338
8285
9193
5711
8863
5279
6840
7105
893
8061
9322
9235
4622
7860
3654
3121
2756
1025
9507
7090
433
9385
5080
6087
3853
9480
5581
6102
6775
185
2195
8953
1113
2396
1886
3707
6342
6467
8317
4962
7882
4546
6456
3435
3637
4294
3514
6528
4596
1741
3391
7790
7545
8346
3157
4368
928
6
2781
2249
6398
1117
7138
1320
3765
4716
9724
9543
9821
1254
2169
8873
8818
5327
3248
5876
5873
148
8023
3836
5366
1927
3445
3259
5175
2179
2693
9539
6645
1917
8305
2705
3172
4885
9129
8526
7180
2226
9959
3360
6354
5323
7624
9602
3772
9916
8278
3368
5167
8257
3351
7523
6035
4104
9066
3473
7804
2519
2132
5582
9568
5052
5728
4780
2313
7815
7782
8872
7372
9872
5207
4949
6835
4462
4131
4579
6011
234
8414
6686
5553
5200
5430
8408
2493
9015
6203
6934
6664
9652
8853
9528
1440
993
8118
5012
5090
6483
791
3461
2936
4743
3251
2118
2498
4248
4829
2324
4303
4054
862
1530
1942
1973
1743
2223
122
8911
973
2917
1313
5286
1755
4976
7302
157
5699
6554
8498
218
5389
3356
7224
1490
5360
3958
9848
5498
1769
2968
1287
9286
3859
3609
8429
89
1783
5760
5392
8994
5065
2760
8196
2527
6205
5032
7117
6623
5465
5778
6635
777
4943
7740
9574
2568
1900
9921
4683
4629
4314
2185
3912
5340
8961
6025
2544
11
2598
9166
1271
9422
1230
8617
3756
2583
3393
8551
2866
3326
6155
7862
3590
4777
4522
820
4413
5462
1961
8554
8822
1400
7362
2296
4443
3458
1392
2438
6109
3168
789
5908
5521
8343
6156
5685
2791
2452
8679
1718
4203
3573
3732
1105
5290
346
9879
6338
8340
1378
1444
4423
1592
1044
7875
6174
4627
552
8814
3570
5388
1092
1929
6171
4059
8939
5181
1519
8699
4927
5574
8069
5931
3227
7729
9370
5528
5725
9074
8712
5681
1985
4704
329
4452
6666
6161
1990
3650
5636
2036
7241
9618
5324
2854
648
4444
771
9458
7102
5565
4937
1964
800
195
6351
829
5357
1348
1031
1417
6415
4514
84
2459
9542
6825
3136
9486
6580
9206
1687
1870
7292
1328
5959
6781
6660
2266
8037
9573
3373
451
7823
9174
2932
6965
9203
6134
6615
4285
6911
3151
6725
4614
5638
8306
7120
8732
5853
9068
2752
4757
9572
9995
4347
6063
362
7071
4635
8186
8989
203
1019
7641
1675
8890
8947
76
9091
2013
1791
7316
931
3411
827
8083
8035
980
2825
6350
4398
1989
2242
2095
7264
2573
5469
9169
9673
3437
2625
4689
4984
9413
7356
654
1327
2016
3166
2145
7263
6013
8558
9224
5464
9281
1690
6326
2737
5251
7464
1259
7896
2148
5060
7658
3990
9600
2685
6435
7407
1220
8570
2549
905
575
6795
1321
4790
5163
1812
7629
4459
2387
9984
4390
607
6307
1493
5609
8986
8493
147
7560
8774
463
9164
8974
1223
8080
9196
4742
232
6501
6394
1650
888
3329
3004
5119
8638
9980
8310
7143
134
5804
7352
5834
2713
3545
7060
5292
6796
1717
5246
4761
8791
6944
3492
650
3747
1691
3576
7357
8705
1241
2072
1201
529
4983
5372
285
5293
6932
4858
7127
6150
2393
4648
4385
8104
5448
6366
2602
2715
5991
1455
994
4216
1966
2077
1407
9771
6423
7733
676
3798
6618
1733
4172
9521
3343
1460
6284
4558
2232
8488
9781
9027
9180
241
3763
2550
801
4847
3078
5183
3189
958
6537
5577
6249
683
517
4158
8846
5037
3681
1549
8442
2372
6843
5475
6896
2637
8266
4849
9899
8787
409
1232
4483
9358
5650
1930
5004
8622
4895
6213
1273
1353
7058
1830
2476
1277
258
3197
780
5809
5641
6116
167
7448
3267
883
24
390
4270
4431
7428
6698
9173
5172
6704
721
6106
9373
229
5457
8011
9111
8403
4039
1210
2197
9778
9740
5773
2646
2052
5560
6323
3580
1572
8173
77
8606
8599
2001
5311
1640
1778
7942
8152
5384
7133
4575
8008
9929
4053
9141
9997
8326
7760
543
7693
7080
6909
3774
6506
403
1715
4878
4074
1387
5039
3348
4174
4406
3530
5266
8135
6253
3025
3883
6145
9113
9517
8505
3526
9097
9756
3642
4811
8370
360
6532
8761
831
4245
428
8607
3658
5407
8958
3540
5057
6293
3298
5471
7470
8154
9863
5883
1998
6408
1958
5864
9187
8276
5435
3109
739
8922
470
5950
9810
5261
7850
1383
3296
490
1357
8499
9586
4323
9657
9713
6270
4433
7391
9549
2769
6769
5863
8877
2642
7152
2331
6989
4907
412
6197
7581
4987
4838
1564
2021
7969
5029
2291
4619
3546
2144
6546
8079
8660
4512
9191
1637
431
4179
4468
1683
7149
7878
7787
8039
5398
8728
8101
6304
8228
457
5652
6908
6252
4985
1551
6530
9913
7232
2345
2264
5529
3999
7491
5400
9017
9328
5302
6982
9083
4088
9080
4343
2212
5355
8279
3876
7609
7297
7653
5369
1498
6151
9880
4812
9571
626
1884
8695
6803
9325
8212
2143
3794
6148
2054
5974
4687
7096
8677
853
73
7825
59
9963
5706
5461
6988
3210
1349
5443
4058
2600
2213
4712
5099
5570
6661
3538
9321
3284
8803
1340
4028
6612
1996
2763
5014
9032
4572
2848
5171
4410
6310
6084
2547
7373
1516
1003
8445
9524
2065
2329
9414
8687
6403
7278
3442
227
3305
3977
4311
5907
9999
2432
7072
8858
1878
400
1225
9944
9788
2073
5716
5031
512
6568
6321
9267
8832
3985
8365
9496
8589
6430
2900
6317
7169
8155
8788
72
125
3705
3392
1726
2078
3827
7643
6492
4953
966
3703
6419
7881
6556
6340
5657
5230
9794
4117
5970
6459
1953
540
2672
2516
5186
2497
4526
267
8916
7249
8820
5733
8334
6719
1475
1471
5619
5842
3066
4510
4381
1557
250
4940
3664
7871
4738
2827
1918
9372
17
5826
4765
7543
5662
9965
7348
976
8434
3980
8362
9209
3449
9324
557
3969
1462
2772
8193
1257
8042
3375
5770
4859
6557
5996
4605
5514
9098
6159
4581
5649
514
6030
206
6022
6364
3567
7343
3054
8095
9768
5285
7019
7528
7111
145
9730
6600
2480
2128
6650
9599
1606
666
8982
319
8322
1515
5788
2774
7454
6860
33
9125
2130
8625
546
7355
6123
6211
930
1112
5378
3069
8325
4320
4833
7038
639
5406
2562
6218
5937
6930
6826
2304
6179
9330
7801
6566
3453
3986
5963
6053
7007
4036
9764
2260
2301
9843
5158
3733
9864
7247
1760
1816
1986
4290
4144
68
1403
6297
4226
4926
5672
6175
3217
4696
6299
3160
3095
2872
6057
5201
4362
8261
8055
7276
7125
784
1681
1531
9546
7016
8879
3578
4865
9946
2923
2586
404
7649
8619
46
5354
6195
4523
3621
8138
3913
8819
954
317
4814
4066
9465
306
2037
1070
5877
6786
4815
571
2759
4473
5668
4672
7237
2824
5503
1654
9614
7640
6119
4793
3606
3214
3316
8746
5870
9918
1315
7177
4056
6217
7546
5869
1157
4358
5069
8006
4492
500
9530
8579
9030
1976
489
6006
8539
7647
2339
5224
7206
7500
9212
7236
9955
5362
9147
7949
866
7294
1660
5134
5753
7314
672
1080
7889
6763
3966
1881
9108
8944
8422
9903
6571
2641
7332
3892
1555
1808
6046
1185
4565
5276
7254
8074
9182
3520
690
4470
10000
4692
9073
5677
2392
3033
308
6305
9630
2812
3310
6360
2907
6762
6281
9264
4853
7202
9466
2728
6452
7588
8437
5940
9943
2475
1152
2429
3728
6838
1661
8984
1027
8260
9835
2807
2656
7018
532
2881
4933
5342
7394
6832
9884
7198
1622
7612
6476
3000
7601
6692
2250
14
738
9320
1244
55
8777
8309
3152
9007
3942
5460
6702
811
1037
6850
9304
9411
6335
7571
4922
1523
9259
6771
1913
8304
3605
7405
503
9498
7591
7554
5904
6137
6579
947
5419
8775
8828
7746
6715
8574
9932
3005
5946
674
6353
8971
9085
3244
9197
1470
235
1504
4099
2203
7489
5901
5763
8779
194
7189
5066
8019
3613
8294
5396
5782
257
5806
4399
6699
2294
6591
5432
4503
8027
4852
8148
6652
5795
3464
3007
6243
2193
2202
1789
2109
2750
2650
9407
298
5796
9290
3194
8024
4190
1014
682
4921
4304
2538
5350
4695
40
865
1247
6900
6768
4274
6963
8749
7973
200
8529
4873
685
5541
4929
8487
4129
9233
1427
4909
747
9536
2522
967
4734
4886
1039
7999
2694
9389
7046
5976
5918
3752
273
5034
1891
6558
7134
769
6207
8646
3964
3403
7806
901
1472
6764
8656
4012
1473
6273
5522
6251
6418
7526
5210
2779
3319
1578
4282
5832
9533
1212
842
6407
7727
2487
8512
3541
7290
4222
7483
1124
8508
8541
3253
3610
286
4061
9162
7229
4309
8289
5487
6477
1511
9660
8572
5154
9548
8631
6570
1716
5211
9625
9942
579
933
5769
3922
1046
2173
7082
4750
1084
208
5248
3577
66
2910
1251
3924
7036
3106
3931
9885
9854
5648
599
8321
3366
1859
32
4703
7796
7704
7122
4021
8274
7981
1745
3052
7414
2608
876
2974
5439
7466
6068
8567
4960
4384
5878
139
7476
8856
4455
9508
7519
7011
7446
6674
332
1693
4
2428
4169
2764
3972
1805
1749
899
2621
5383
1405
7057
1647
49
7496
7032
8985
2002
7452
2311
5110
5957
7667
6705
3215
6231
9276
6503
7378
7141
3285
1867
9317
4272
8400
816
4096
8491
2085
651
3947
6831
6820
1739
1625
6039
119
1140
9449
2164
6872
5387
3029
2442
3973
8153
7737
547
3499
371
8681
1630
2638
837
6082
3839
9231
4978
8665
4005
1329
6914
8240
3560
3186
3415
6889
168
5726
4168
1935
7771
3597
728
1803
3138
9961
8378
1406
1372
7159
2318
3932
9494
429
983
5900
6095
2526
2904
7930
9255
1033
2030
2845
290
6539
8047
2028
9593
8664
4307
6669
2351
1534
4302
637
9361
5618
5182
4892
5860
2440
1883
4439
9629
2158
4076
4831
5622
7802
405
4530
9364
3935
9978
9185
914
9694
5078
4253
6673
8270
2785
5096
1153
1368
6410
3358
5919
4220
7370
9575
5588
4621
2152
9796
6485
8527
8269
3581
3775
1020
8439
9515
6519
5345
3867
1674
4024
9118
5547
7784
9301
5537
5989
7773
3967
7748
665
3500
1469
9989
895
7622
2157
8995
7791
7002
7116
6347
6294
9709
6968
3146
5348
6626
9067
7857
6717
8176
5127
7698
2513
2597
9270
8441
3212
5915
7692
6359
5794
5583
3753
2081
7738
834
6649
111
7192
2577
349
7542
9904
942
7669
303
3430
4234
5291
7557
3056
4729
8996
5704
6984
3665
5767
4419
2125
712
4593
6972
4033
7031
8143
2220
4331
3031
624
7610
1823
4902
6671
9192
4911
9639
7855
5803
7900
1794
2668
201
9681
1467
2859
4424
5161
3198
6192
4901
6194
7184
3587
6248
4213
2997
7354
8344
6438
5319
4643
8034
7527
1969
282
7342
2873
513
82
8345
8331
2703
4578
9491
2066
5596
3399
1362
1188
8580
939
2869
9818
137
3247
4583
3179
5646
1206
5626
7051
1746
4478
4839
5674
5742
2472
3426
9991
3663
8590
6871
7421
5135
5195
2528
2977
9221
6611
5023
8740
5204
5405
2822
2168
3306
8504
1636
2571
3471
906
1380
8337
3262
7273
9747
7161
4081
9799
7665
8031
8010
1094
4426
4756
2952
4776
2766
4170
2390
7013
9838
1562
9459
5757
7424
1626
763
4173
852
3900
8259
9136
253
2287
6019
4541
2976
9057
9103
1624
4821
985
6622
8426
2178
549
4875
5516
3342
4888
5278
1178
6160
3860
4707
3555
7474
2802
9139
1593
7975
2792
5739
5647
2218
5089
4009
1632
9143
1299
1487
7310
1093
688
2064
5975
8518
8435
43
5981
1052
4295
4176
2320
7879
9119
8706
6776
4230
6951
3327
6507
1009
8093
9953
4205
2681
5338
878
7562
6365
2961
6004
8107
356
1610
9026
2494
2940
3939
5467
8106
1582
4037
7786
4014
8649
8316
7044
4772
661
3666
957
986
7615
7958
5361
7863
2461
6457
5282
4472
1904
3788
4810
1032
7768
9309
9121
5761
5263
758
138
6844
389
5083
6412
4884
9189
2341
7842
81
1013
9421
4913
4799
5001
3885
6985
7409
3552
6956
6144
2661
2273
9481
1484
5255
4636
3535
6892
6897
1983
1042
2312
74
5140
8338
8492
775
9641
9443
3875
3460
4351
6987
839
550
3372
9089
64
4969
646
5729
256
4327
5608
9719
1159
6875
1851
6782
2784
8071
8804
5269
6027
9947
141
5540
8522
3812
7909
1154
4899
3428
9664
2989
7894
3510
7535
9545
4655
9410
6639
6784
2410
4126
1978
4649
8379
8299
5240
7934
7488
8954
2867
7307
8290
7455
1535
4836
1423
1051
1238
1824
1761
2919
3725
3742
4697
4070
4954
9160
8371
1880
8632
7047
7199
1836
5526
894
5244
2698
1696
1219
9705
8150
6526
2991
7305
3657
2589
1585
4313
7648
4610
7275
6017
4834
8174
6076
9329
8593
1359
6060
1458
7449
174
3374
9461
6414
7450
955
1869
6012
4968
9949
2794
297
6700
1374
8239
7683
7899
917
5042
1139
5376
105
1595
9566
7572
4125
9171
3628
1987
2079
4951
2860
9258
9065
6124
2521
9445
1957
4015
2852
4748
2895
8908
5530
9613
7699
6958
1988
3053
7977
1466
7780
6500
7939
809
2098
5501
7547
9181
2484
4312
5215
751
2023
7890
7509
7425
6080
9040
7953
5606
9319
9561
8611
6097
9786
7605
2280
7140
3564
527
7380
4113
178
6682
6409
1505
3746
3171
9663
3630
57
5305
9226
813
7374
2348
3046
5017
7916
4930
1412
8972
7891
9408
8753
8531
5184
3088
9116
7616
2402
9868
4252
5003
268
1694
7695
6107
2643
1750
9824
2803
581
3670
3750
5417
2979
838
2793
3333
2626
6043
4805
9808
4305
8575
5307
8850
2196
4388
8421
9244
3553
9632
5485
3436
5836
531
4137
6260
9844
2841
9635
6829
4942
8906
8734
3996
6451
1065
9392
6772
8122
6312
1109
1307
8568
9809
5545
1074
255
4612
6112
6257
476
50
2117
3593
1510
7853
3741
6034
7081
6805
2901
9314
5934
9381
6490
1390
5294
3113
8931
9900
9337
2103
2305
9485
7936
3181
6711
8667
8584
9184
2319
7288
4897
4145
2609
668
4657
2183
5151
5504
2735
9292
7426
8265
8883
8536
314
7822
6898
4063
9736
8571
875
2389
8747
4374
2091
7214
6785
9924
1669
8636
3254
5341
921
5243
631
5909
9958
9437
4432
7864
7929
7803
7604
1782
5178
3017
9072
8951
6064
2850
5743
1128
294
5486
2515
5820
7756
8380
5679
2062
7880
6212
5339
2946
9142
2636
8612
2292
714
8360
130
1748
4359
8147
4966
4487
330
5777
7505
653
6862
923
4706
1322
7445
4166
4152
9765
8084
583
7499
7269
9803
3099
5095
8762
8318
6873
5103
4101
5049
4554
1143
8041
9078
1078
1826
2450
3512
4116
152
9551
6129
9412
6370
1302
1868
1772
3989
2654
22
1373
7717
516
8423
8525
3
884
6070
5349
2370
416
9729
165
6616
3450
753
4970
4202
2491
1465
8889
1026
3682
1707
327
1311
8374
6544
3777
2288
7691
7751
6311
4644
8000
9406
8191
3554
6658
949
3676
2059
2101
6735
5640
4802
4192
3805
8515
26
2659
778
2543
1544
9441
2579
2500
2314
9022
9726
7349
7940
7030
4379
6186
7246
9753
8086
8615
6743
6703
20
1367
938
4197
6937
2229
1308
849
9404
5413
542
4664
1937
2662
1815
1627
4031
9957
2395
3222
1218
1524
9659
5774
2788
6236
1856
7213
9271
8121
3379
4844
6400
2669
5916
871
3263
8427
1260
5283
6594
5891
6078
9123
6071
7611
9100
3009
7187
2122
8389
6584
8857
8091
7617
1345
2536
779
698
1281
4563
3790
5051
2477
6182
6358
5740
4017
9541
2374
6214
2599
9621
13
7205
9525
6339
4998
1100
9250
6225
2124
9419
726
6733
5059
1910
1480
3330
6222
8098
5859
9355
447
4956
587
8955
7961
7661
3814
3937
4781
3870
7382
420
4841
8363
2506
8482
6962
5124
7070
3643
399
6392
770
262
4143
8666
4532
3184
6362
9219
7477
3164
2915
9013
2353
5455
5559
385
6259
7256
2632
4598
9883
1324
3111
1766
4894
8412
1325
3963
2581
4485
9814
5637
5393
5480
6209
6721
1428
2417
9488
2667
369
7517
945
8727
6777
7166
5887
8729
2591
2032
2964
8895
9363
7004
2501
2941
2189
730
1492
6681
8063
913
1481
2191
8886
2102
3525
4720
4264
7621
3979
3489
8099
4520
7631
4177
54
5418
5123
8256
3911
3412
2755
4163
774
7868
8725
3857
1965
999
3451
3799
4827
6050
6220
9109
486
8188
5532
874
8654
5138
9974
2999
2159
2699
6173
7887
7168
9207
4029
4422
1221
4661
8573
8077
4465
5882
9217
7619
7950
7287
3659
4212
7367
276
9352
7468
4744
4107
210
5756
4501
9678
402
2595
2038
6390
7876
9056
1343
4411
8271
3743
927
7700
62
9610
266
4049
4035
7279
9935
7932
8538
1376
2959
2890
6005
179
313
8157
2409
5272
7285
4486
1326
4391
2240
4235
4336
4229
7917
596
6393
4228
3715
9272
445
6572
6617
284
9766
2307
2426
9813
6158
1389
9347
9018
9313
8328
573
4788
2707
8979
746
4255
3328
951
2810
8865
1096
4257
5776
843
8987
5978
2947
8630
6122
2105
6531
2933
2717
3142
4382
2224
6416
3882
6368
3871
9047
1508
5402
4451
4887
2773
8698
8962
6915
7821
5673
9934
2695
5751
9832
3905
7238
7668
4959
4154
9983
1361
614
103
3283
9685
2874
4920
4350
4626
3856
7268
9580
6529
2552
9323
58
4277
4592
7508
8251
5229
8792
444
7705
8565
6714
8678
2192
7066
9144
2652
7635
2721
7577
8838
3058
9140
245
6549
535
478
4048
1410
8315
2929
1318
2875
1941
5805
8760
6802
3103
2623
6585
5380
5683
9537
6919
7907
3080
6701
9699
9308
6724
5347
3586
9710
2829
5173
6216
3470
9607
8452
3822
9295
9241
9149
2691
2733
749
7795
1882
2430
6396
7049
6625
6799
9087
99
3014
6973
9369
873
524
8500
5821
8744
1633
9833
4013
7217
3417
3303
3258
5018
9251
3955
3835
8506
9214
1609
171
1993
4638
5910
4167
4496
6401
8484
2630
4576
9940
9368
126
9962
2819
4330
695
4570
5308
8562
7472
8642
7920
2394
383
9101
9135
7194
2496
8935
395
1796
238
9145
7777
4171
7915
4606
5823
560
4803
9462
9071
971
9500
8478
5091
804
1049
1045
4447
743
5113
9982
6732
3413
4846
7350
5281
8546
2369
5358
4020
715
5888
92
822
3363
7215
6578
4120
4087
3487
7330
569
252
8014
1730
3809
2018
7933
2799
6836
7843
3324
3807
2274
5375
1556
7817
3187
860
3740
5062
7845
7872
5118
5800
6691
3589
5101
4356
1962
7315
7913
2411
144
6420
5442
700
7344
504
5271
5264
1121
8824
8364
8252
5748
8111
4919
7776
7809
7338
3941
6601
260
5629
4182
5665
4387
3447
6999
7173
1377
7623
1668
1915
9396
2916
6886
7497
5262
3081
5206
3737
4950
6094
9401
6798
5170
5844
2336
1344
6980
9752
9205
2243
1781
8450
7212
6345
6508
5598
328
2627
6126
1107
793
5675
4225
9718
1399
3984
6152
2806
3051
80
3503
502
6547
553
577
9732
3757
772
9516
23
5902
9076
1323
271
3127
5730
9547
4691
1062
8013
6903
4957
8737
2026
1335
374
5880
3203
6536
2610
1448
8470
3646
2040
8776
819
4640
5584
5126
5428
7558
7347
662
7417
705
9006
9690
3448
7654
2011
3110
8942
6269
5208
9582
7594
7714
6154
6357
3277
1920
169
4240
692
6739
4869
6267
3764
1846
9590
7286
2843
8672
1725
2090
6729
6755
6688
8293
384
2366
5797
8263
7805
8627
3624
3745
8576
1350
1386
7578
9680
6515
1166
6565
2234
2231
3050
9502
124
9442
5967
6226
8690
2520
5893
9654
4770
4639
924
8393
8464
9893
4045
686
4693
5548
9769
4982
3018
854
3224
7775
4464
8237
3844
6075
3568
2508
6990
1317
7886
9172
9033
1255
1971
8025
8561
456
5912
6432
244
4789
8189
1461
4355
9804
6560
533
9834
1703
2416
2156
910
9435
6263
501
3055
5884
2043
4497
1898
1270
5310
1700
4098
7914
5082
6344
1600
4199
3269
4340
867
3874
2437
1517
4553
1459
9791
228
8162
3086
1570
6309
1494
826
7788
4945
1907
3879
7220
9917
6646
795
4832
7493
9518
8609
6093
8735
1203
4808
3975
8720
7596
6709
1658
114
2876
347
1620
1292
848
3441
1529
4801
1208
2572
9738
9688
4317
7690
4032
6817
4370
4280
9335
464
6524
830
9194
1149
7854
7200
7144
2084
106
9005
4023
7849
737
7243
8797
7150
8510
4128
8861
2210
7178
8314
3230
877
6760
2298
9816
2502
1196
9886
2980
6853
5086
1235
2356
2441
8600
8553
2047
2587
2823
9428
7735
6976
2570
5198
2199
6130
1673
6852
6388
4891
8242
471
1398
3226
9509
9134
1734
9075
3721
5225
4762
1411
6427
6020
6404
8181
1991
446
3228
1177
7385
8497
1977
3353
8556
63
9275
1086
8026
8375
3971
2276
8090
1041
7037
1250
1806
897
6928
4647
3916
6037
4185
1108
8040
6588
9283
7401
6177
4041
425
6857
8898
3780
8409
3516
7022
7219
302
9434
3519
3938
7544
8308
6058
1073
3983
8835
8577
9086
7368
56
4339
2813
4800
3626
9668
1226
9852
3909
9273
1184
4308
3440
9503
6593
16
7659
1648
2951
7726
1545
4193
8977
5371
2082
3585
2666
8164
1905
3143
9176
741
2003
1256
7433
1863
4200
9200
5016
3174
2380
2153
2034
3190
1474
3686
3371
2048
9092
8882
1950
1421
1059
6961
1388
414
608
426
4494
5527
1897
5121
121
8017
5536
9559
5165
466
2969
3199
3734
3861
846
4587
5088
6552
9896
2987
8402
6793
1331
8594
7978
4662
491
7516
8940
7582
8170
1839
1828
9971
8715
2488
7025
154
1643
5326
3185
6115
5409
2233
8291
48
6227
2107
6788
7190
1209
7645
8716
4078
9362
5628
5055
8770
6051
7600
727
192
520
4928
8809
3485
9616
1176
5053
4955
992
1678
937
3278
519
7866
3381
4090
4134
1601
8899
5237
8991
6696
9043
3236
9969
2343
410
5333
497
5670
6493
4178
1574
6605
1797
5116
6563
4210
9789
3457
2317
8469
7043
7054
9268
5117
2482
6740
4389
6787
8286
3976
2469
7959
0
4238
4273
8410
2541
2622
882
3928
4194
5146
3898
8460
7792
4782
3501
6624
3137
998
8394
8841
5496
861
6024
7399
5627
7758
6995
1439
6201
9338
438
5988
2689
9294
9425
3572
2127
7835
3456
9877
7884
8297
6744
1573
6678
5568
2935
7430
9190
8110
6472
7685
4046
8443
3223
3291
2071
7732
4386
6497
4051
7473
9578
644
7901
2275
4961
1422
3824
3145
4925
1894
6502
1874
7716
5558
4991
9383
2008
6780
8648
8821
7369
3337
7056
4917
3803
12
5615
4650
1036
3951
4679
7883
9418
8780
3934
8428
175
3755
7328
3888
2086
760
9228
1198
8811
6333
3776
3195
7112
1579
4582
4690
494
2099
5120
6232
3623
8668
4155
3506
7130
367
8223
1258
9470
9774
9277
3044
1982
6040
8827
4481
1397
4646
856
4737
133
6884
6374
9938
9676
6224
1664
4118
5925
7655
1795
4412
5861
6460
1835
4855
8669
1877
5328
1922
1887
1006
2913
797
564
8163
8894
7952
851
5718
2342
5572
316
3128
482
1497
2858
2879
3334
9450
4392
6041
7847
7195
131
2056
5321
2284
2556
9871
2776
7077
3722
6091
9552
7208
6679
8494
9626
2206
4186
4268
1714
3698
4133
3811
9892
5265
2407
5470
3504
5133
5440
5152
7971
386
9471
2382
7652
2282
3534
6794
7222
3502
4990
9265
6256
6074
3023
7408
3878
1088
355
7769
7982
3617
4085
4786
5280
7191
4161
7935
1845
1061
9128
9945
1853
7078
9090
8896
995
8009
4773
6428
8902
4641
5100
7262
659
8864
1038
3246
4675
9544
2228
8516
5954
1744
526
4609
5812
2575
9153
7086
2400
8605
3233
5068
3135
5764
5334
8459
4663
5476
4122
7867
8216
3786
2993
4872
1192
5538
7506
93
7812
9695
3680
9053
480
3357
6313
1393
7100
9604
477
595
113
4428
7761
6548
4475
2847
1451
9011
2337
3032
3271
5021
9787
7785
9175
1684
8262
7811
9186
8399
4963
6610
9179
4092
7490
6888
8241
6440
7579
98
6301
7937
7556
5025
9697
9427
1619
3022
5714
1854
6675
5331
4287
2886
5879
1182
8298
7048
6445
4162
9138
1923
7440
1168
5363
1142
4632
5798
9307
140
8773
6458
4586
704
3355
4601
2619
2855
1347
5177
6200
757
8723
2844
5258
2322
9830
2187
170
8313
2789
2931
9395
251
8603
589
7511
1980
8113
870
9598
8489
9770
1670
7024
7938
2221
628
3529
6814
6737
9387
6303
8018
5594
7486
8957
1873
3754
759
8523
6693
9631
1546
1742
338
8909
8444
8373
4749
5499
3965
3693
8461
8743
1792
8742
7725
8552
7465
5231
5019
7340
3521
4544
3201
3481
2995
2330
6670
8659
1115
2385
5914
8998
3476
4329
845
2801
9327
2569
6642
4536
8125
5478
6748
34
965
240
7420
9595
4132
8778
6957
6009
566
5732
4893
530
3468
8282
2155
6828
4709
5755
9677
5157
7234
2585
9822
8226
6607
3030
8782
7807
1553
534
6292
7146
7416
4420
6920
9037
9299
3566
3644
8481
318
5717
9775
7575
2942
8769
7752
606
5591
792
335
3594
9801
7034
5929
6535
8382
3432
956
8016
4436
1300
1434
334
2359
7774
7501
7104
9597
5921
1004
7597
8801
3401
5159
8136
6521
6176
4409
6169
5585
786
5497
5643
4817
3383
4019
102
6697
1509
8765
3854
7137
5162
5518
5709
4183
9478
2408
798
1172
6916
442
9157
9341
8933
7966
3533
6728
4608
1921
7583
4223
1394
1807
143
2257
9133
8826
6778
1837
8227
9423
5153
5412
8283
4673
940
1265
652
1513
1272
3038
9279
6056
4296
118
4221
6422
7895
2651
4256
1800
8476
2920
5917
3008
4083
2467
6509
9742
6720
8851
9716
7484
7377
5799
8130
8671
4124
663
8868
7522
7569
3923
4677
7381
8943
4547
6331
9831
8175
1358
9252
2616
7713
850
6247
7651
9430
1724
691
6238
9986
8503
5793
8532
153
4373
847
3509
9227
8764
4623
6992
6240
9550
8277
158
9248
9672
4659
835
60
408
5949
3992
9158
9148
8915
7085
1442
4288
7531
4740
3091
3431
8333
2584
1048
1532
2401
3385
7084
9151
5136
5408
5364
2863
3126
1533
6198
9077
1404
1925
7567
6101
6893
6712
1122
4637
5007
7410
6891
5855
6864
593
964
6910
613
5187
6586
7925
2344
9760
7783
989
722
4529
4916
5227
548
2690
2377
3837
8533
3701
762
9300
6111
2882
1809
348
5054
8816
1762
3087
2605
9126
9992
2945
2063
467
5554
6021
6014
8653
508
7311
4599
5854
840
2215
4405
423
1838
9784
9333
4337
3211
1144
8604
7987
6738
4395
6627
3645
9405
6110
638
4511
8929
7284
525
8641
5260
1686
7677
1057
6258
4741
9759
8001
1191
1075
6815
1798
3738
8655
5784
1163
5552
8230
8549
5544
586
4837
3104
1229
4147
2414
7985
6606
616
9634
7092
7827
3241
4585
3039
8507
5992
5815
8367
1452
9293
7259
1764
2722
3301
393
2567
4656
3558
2194
7520
2019
3689
6048
6330
3024
2261
9288
1023
3712
3216
3604
1095
3182
2328
3819
61
413
8479
4461
4250
7008
9247
2100
1522
2732
8324
950
2135
2113
9715
2068
309
4352
4047
6183
8952
9050
5084
687
7210
4105
8
7413
197
2067
3933
8390
1231
541
1424
9222
6518
8582
406
7142
2352
7021
3615
1975
7281
6274
9029
5913
8165
8547
4376
667
7029
293
7908
6621
2553
8145
4794
3974
8917
8102
3419
9902
2532
5737
1908
1488
1871
8745
7551
4613
6706
8878
3132
9569
7963
3092
8919
2742
9861
6486
8311
5720
2975
3690
5390
9642
7503
6589
3671
3940
2025
5223
277
5511
1050
4232
2270
7590
2367
9751
3761
9391
6867
6545
701
4091
7167
2701
226
3677
465
8436
7789
7548
9827
7442
6324
9925
5614
3769
5247
8843
3832
5168
2758
3956
1267
1040
9583
3178
5802
8535
6285
7662
5833
5114
5391
1774
833
4753
5097
2565
869
4939
2460
3843
7498
8881
1165
9291
8950
1818
6562
8003
1054
4453
7515
8839
4189
8350
7606
2413
9216
1584
5125
6948
1150
7461
8448
588
8221
7750
8159
1190
8673
2687
6722
6979
8763
3997
288
6315
9444
5397
52
2783
6991
2181
9628
6444
3117
4408
7020
3914
8485
8618
6032
7225
2256
8521
7248
8473
1156
6890
6663
6943
9122
9070
8391
4620
6332
9985
709
7462
7921
6499
4791
2486
9316
3344
274
6885
9535
9195
8467
1767
1371
3697
4710
2446
3061
3896
3390
4427
9001
9711
6906
4989
246
3768
6849
5130
920
918
9296
6647
3028
1934
4918
2798
3910
1786
7589
5273
9671
4414
8928
4980
1012
6487
3239
354
8688
6573
617
8406
2014
9714
7874
155
8108
7723
6716
3093
9146
7460
5944
7251
2423
5713
6783
2464
6677
3321
9819
6727
7331
3614
2770
5712
1262
4999
6454
963
7638
3488
7274
5115
4165
336
2865
7252
8341
3544
484
8062
8012
9440
1114
7941
2998
9417
5792
361
9024
9183
6931
3953
4344
7124
7757
2031
2592
9310
4912
2676
8588
962
5423
8066
7541
1955
1590
5639
8930
5346
4500
1316
21
2780
6761
8235
7091
5309
2930
6996
2321
8146
4214
9755
6516
7218
5831
8722
944
5719
5063
1130
468
7336
291
7309
5022
1155
7067
7209
4545
790
7411
4566
2749
9556
9464
47
7431
7365
3482
5811
8490
5562
3998
5474
2634
3608
2711
1635
3421
5377
3635
1224
4816
8206
3694
8901
9454
222
6237
8825
5239
1489
2739
3483
261
1583
1956
9757
146
9651
9483
3574
2751
8330
7944
5676
6522
1822
6072
4484
3633
9655
4097
6954
6143
4560
8702
713
8794
3846
97
5592
9059
4030
7203
1662
1596
8848
803
1912
283
1706
7664
8980
3049
2899
2027
2419
5493
4935
4301
9584
8029
8891
2466
5104
545
5969
8046
522
2110
2205
5038
7743
4034
2986
915
1336
3387
5314
9919
3077
1566
7441
5789
7813
6382
4258
1617
4699
5580
5437
1655
3250
2165
1242
5599
5644
1147
6448
5759
1222
6230
9163
4415
2984
2677
8714
6125
1068
8871
5249
4974
3405
3082
3800
4533
8054
4249
6139
7306
8793
7923
9744
3183
1994
3047
2373
9069
1506
9901
7227
9591
3034
1631
9911
8633
4293
8089
2499
7341
6514
4900
5701
9712
9684
487
5686
6187
1382
8179
7471
4022
783
205
4981
7064
3474
7598
1604
6371
7957
5702
4149
6918
5542
2736
5567
3465
7810
2960
4528
9993
9038
5087
357
3863
1194
450
8884
1183
1972
1644
4870
5749
1200
6193
9798
9451
5077
6073
8941
794
4548
4502
6234
7345
8419
2092
5197
6083
7135
9693
4952
5218
1659
350
9326
2888
761
7718
2981
4822
6228
5829
3075
3559
3804
1834
8215
6031
5267
3557
6337
9576
6689
4505
2160
1974
4597
6059
1563
7674
305
7663
3872
9452
900
1304
7402
1665
3469
6421
4325
3710
723
9484
658
8202
948
370
8676
4458
1629
9014
7076
1227
2097
9229
3006
6924
7540
7487
5987
5434
9170
4717
2246
6878
91
9305
4333
5520
3724
4067
2797
5129
6641
5660
2302
1496
9967
7469
2425
95
3209
1540
5886
4130
1527
9858
1339
8059
4896
3149
1291
1850
7265
1035
2594
3376
4760
5735
8602
9365
6590
3043
7383
9025
2574
8332
3647
181
7358
8407
4276
9567
8495
959
8184
6810
2435
2918
5772
1701
5587
1436
2262
9380
8555
5825
4335
2559
4727
4072
6498
3232
8530
4441
8004
7494
558
3783
9388
4509
3367
6114
9557
3793
9031
2076
2534
6569
2470
9472
1246
9722
1561
7984
4813
8639
9534
3204
2462
1425
9460
9429
1443
6789
9213
5306
1615
9579
4517
8717
6266
7282
5892
3027
2868
8209
3675
4100
936
3945
8213
1727
5030
265
8214
9743
1435
5322
6038
8675
9519
8022
4075
3584
8798
2517
2704
8663
7040
3349
5578
7970
7673
7432
8967
4080
3388
1732
1131
7026
7831
1187
1355
3851
6219
2457
9860
1813
7406
3579
3842
1738
2230
9003
671
6821
9592
643
6120
9857
8205
7126
782
5156
4556
4360
6279
8455
7599
1236
9035
6753
3207
2378
6206
5236
8912
7974
3493
7109
4251
4797
9675
3332
4474
9463
6713
6314
594
9215
8433
1239
7182
8045
8385
9424
8420
4718
1951
4089
6334
5414
3749
3716
430
832
2949
2688
3881
4866
4557
7893
7701
5866
1613
3290
7965
4701
3797
4338
7877
8243
9105
7549
9199
4506
1284
4764
3338
5005
7608
4262
4298
459
7902
5344
6379
3307
6690
4146
2578
2909
8418
3713
505
5070
292
864
7353
642
6940
469
6577
7995
799
4559
3785
9052
8578
9988
2219
7295
2692
3841
8790
3649
3036
7171
3917
6127
9562
5257
1413
5441
3970
6964
6188
8201
2074
1888
8897
8836
2511
3365
3806
9758
7158
9746
7023
2620
4725
9049
1773
2129
2070
7267
6278
8100
4573
321
7570
1827
4077
4881
675
176
5454
7991
2818
5214
9553
6608
5787
4854
1090
7014
6553
2451
2680
9874
629
1892
5612
3377
5621
9731
9511
6406
38
3010
3331
3231
9514
343
1015
7260
9378
9469
978
8327
3101
6162
3877
353
2716
2563
7230
5708
7320
4654
3478
4284
6806
9817
8447
6296
1758
2925
510
7148
5984
9691
1754
2447
720
909
3669
6099
9617
2607
818
7277
2235
1301
805
8693
8540
8557
3218
2123
8968
4286
2753
304
5843
5727
3362
935
2934
9890
6752
6757
3311
2864
1568
4879
5868
7289
9473
8002
9979
6855
1463
1396
6614
9081
2368
3065
3507
1948
9696
2724
9812
7119
2955
160
5166
4026
6856
1111
6742
8021
5489
8888
9297
2384
6318
3295
4148
2700
7536
440
2431
8595
1018
9670
2176
8597
9178
8718
1354
8480
9079
7329
1697
198
729
4835
6512
8431
2453
7437
9348
8610
990
2015
8115
3787
9956
5374
6008
2996
1269
1438
9094
9060
5589
4905
694
3890
499
8692
2894
7261
6981
8758
4127
6375
5945
4460
7759
1577
9720
8620
1885
493
4874
5379
1415
8614
2624
5682
3256
5985
3042
7964
8183
7910
5404
3873
4625
5575
1169
6470
6172
2204
984
5847
9376
8211
5721
2286
7183
565
272
488
4527
9367
4260
2198
916
952
1249
3422
3561
2727
2837
8514
2211
766
2805
2963
1072
2555
9245
623
4283
2433
5766
1280
6018
9527
1855
5738
1104
4719
1538
9531
953
6809
2905
4102
5807
3551
7319
9409
7960
5905
1502
9210
3662
8783
1890
7710
7179
3221
4796
8302
4658
597
9970
4516
5990
8144
3040
5744
2259
8686
6525
8244
5653
6437
5164
6881
5903
9733
7592
9499
708
1126
6163
3354
9230
3943
810
8180
3685
2131
9120
3323
7478
4357
3122
6100
1919
7834
6461
5399
90
2024
8976
6054
5209
8981
5671
3120
9403
4114
1872
1446
8320
8247
115
6384
3289
8120
2465
9106
1450
3880
3304
7644
8238
5507
424
8752
4589
7650
887
4671
7128
1954
5303
4266
5688
2463
2830
8496
136
3549
8644
9004
6028
2263
2902
190
5955
5373
315
4946
7559
4668
2809
9020
3709
4977
2333
9763
230
5998
3929
9054
5491
6534
3071
7397
1943
4219
4910
6411
8411
656
3155
2295
6086
802
841
3513
1123
4938
6538
1970
6184
8661
287
1360
3726
6683
6517
6974
1264
9048
4584
8171
8287
5758
5983
9704
325
1737
1999
8052
699
4521
3760
6510
2166
2241
4445
4279
4877
1263
8058
35
1928
223
8123
3820
8854
1204
9596
8347
6308
6751
7479
4471
4630
1125
3944
9115
4086
1719
5284
1261
7266
9346
1097
3459
2323
7587
5923
7848
2180
1456
7069
6929
5830
9739
5642
7856
5630
1901
6750
4754
6096
9446
9243
9155
3057
647
3751
1011
3571
7005
4292
3729
7707
9455
86
9669
2379
3169
6275
5277
2674
3361
9130
5610
5444
2679
7253
5556
9667
427
4856
6355
5942
4975
8830
5705
1101
8167
5320
5723
5192
9028
635
7041
7042
6858
9898
2364
2140
9439
4863
8292
1055
9436
1671
5238
4513
5979
645
2041
9382
5058
3273
1785
2485
2248
7063
3193
6629
9968
107
2439
5299
5980
3616
2075
1580
7510
8056
7841
1657
78
8187
9564
1936
3652
2921
5750
677
8219
5459
7392
2255
8353
5382
9780
7689
3508
7687
4438
6496
6036
8849
7976
8662
1408
5754
7537
6628
4561
6575
1840
9933
9855
1447
1005
6576
4871
1924
7946
1384
4319
7009
4944
3141
2009
2851
6141
3595
1179
7061
5543
8945
2729
9114
2163
7333
3792
625
2842
8713
8730
5780
9016
3294
7837
3952
5420
8587
9302
1663
31
8381
7869
904
7351
2190
7633
6381
5808
669
5889
4669
3950
9895
2427
6015
4568
5930
1000
2849
1576
9585
6877
1608
1947
2209
8964
880
418
3852
2000
7754
6047
8860
5972
5593
9457
9298
2454
7027
87
8748
8218
4778
2564
7708
9218
7912
8795
7830
7050
7676
8133
5762
1016
2970
6397
702
703
3359
8815
2927
5563
4237
7924
8092
1558
215
2787
2424
1294
9928
8966
5241
6453
7770
3611
4281
2201
5315
5329
8319
2723
2582
1520
3632
5645
3903
1597
9840
448
2743
9492
4867
2804
1243
5956
9246
9257
8566
2744
9611
4889
1419
1820
6180
1189
5416
5549
5897
4227
4842
2421
5569
3406
231
9493
2151
7429
612
9723
1793
6504
6431
4660
9754
2596
6644
8694
1310
6718
8124
358
2104
2137
204
4254
6417
1129
1940
2507
1110
9773
1569
7039
9039
1309
1866
6543
5144
341
2615
3002
9734
5692
3672
5445
202
6329
6372
8934
9994
5484
5680
7423
6268
1677
4328
2992
7360
6868
2139
2523
6341
2136
4549
7257
359
2406
2479
8520
1193
8926
898
4106
117
3736
4407
3299
8284
3813
1751
6865
7928
4771
5449
9964
2114
3041
2358
2093
1213
4882
7390
422
3494
7296
6662
2684
4001
1666
8569
8129
2957
4880
5607
3653
8044
5875
1652
129
6424
6079
6044
1453
9622
8377
655
6466
1667
3678
1926
2655
1896
123
555
2096
8030
6638
2227
5424
6250
1029
8921
485
5965
8833
9482
632
9371
1043
8563
2912
6734
301
4463
1479
387
2044
657
1968
7467
6790
3817
8149
8103
7443
6816
2361
2537
5895
8172
7998
8446
3336
3511
9897
4767
8231
3831
65
6513
2489
9948
3899
1083
9262
4906
6007
7979
5828
3781
1296
7346
8250
1588
1634
2800
9044
3490
1507
872
3243
8190
3408
5352
3446
9045
8463
3960
1685
8351
2782
8126
8210
3302
9256
752
3444
979
2290
1279
3767
6385
717
6839
6907
2580
5145
7228
7492
243
3484
8907
7162
6133
186
4595
8222
3188
6455
9636
8862
4667
1618
5013
5045
6290
9648
7422
6479
8983
8703
6276
1645
6168
6369
6343
8312
8177
1081
2033
3140
2365
3130
3016
4050
808
132
1857
554
9002
2347
9232
311
582
3930
3429
3084
5899
6246
768
5602
7595
8197
5304
6425
9914
7339
4418
6824
6582
1932
6402
8623
6609
7386
825
7922
5010
7415
7318
9501
8275
5109
2611
2548
2238
2279
3322
7233
9966
7844
1963
7532
7730
4779
4562
4247
5783
9303
3887
1454
1709
5659
9643
1860
7304
9476
3766
6090
8598
6656
6077
7927
8965
9315
417
41
5939
8513
1903
7798
4634
4542
4204
8245
4604
4769
3655
1485
4830
4241
5106
8416
968
7010
1116
5495
8900
6157
7438
2334
4507
9865
5997
7093
7412
7586
2154
7006
9063
365
6436
6325
128
1603
1682
7255
3472
8005
6185
8640
9923
9849
4394
2005
4198
9762
3118
7720
2708
9384
4524
4652
8208
7829
9236
946
296
7903
7074
1591
8756
225
5566
8051
6655
1567
6140
1819
1821
3796
2857
4322
2089
4577
5160
6170
51
1217
3496
37
5664
6895
4971
858
5505
2094
5312
9620
4135
4580
7828
1145
673
8923
2200
9416
6320
5898
9644
4477
2283
7840
8220
8401
5481
4008
5839
5275
7327
981
4992
8141
7439
925
5924
7157
4552
9698
3313
5872
5874
5297
1199
3651
7419
221
3134
2349
4449
4567
8869
8392
5698
3908
307
4231
4209
5535
2115
5635
3175
7512
5684
5438
734
212
8248
7897
6846
7363
9717
8805
7164
6604
7139
4184
5143
2350
9055
6640
8225
5655
9972
5586
2754
8386
5235
1305
7833
3625
8068
2448
4316
9727
6029
2338
5313
2593
7722
6792
1514
9008
9811
8949
101
2948
1938
7550
5786
6146
6386
2885
5658
3196
987
2950
1286
8358
3730
633
997
3287
8032
42
1713
6131
8704
2645
196
7525
4947
3629
4040
2046
2146
6741
4588
3622
539
2236
9862
1771
2510
1010
1167
9905
7204
3865
3907
8076
278
9761
2272
10
9915
1137
1064
2303
2928
6042
2492
1007
9782
3208
6235
3779
6598
9223
3826
4480
3237
7836
7447
5433
7098
2757
8117
4714
4181
9351
1087
3219
2870
9609
4876
8652
636
233
6863
342
8711
5000
3161
324
2938
9344
3165
9866
1197
8867
4233
7156
1710
7988
7514
9506
2456
6026
5468
6533
6229
6659
7504
4809
3079
3325
1979
2449
7108
2840
4540
2635
8050
1341
2710
8802
796
4479
3350
6870
2558
5601
4590
1565
7859
8700
961
8685
4967
3618
4363
3810
4883
9117
3723
1001
8834
5817
5064
7174
5512
1409
8424
2444
1731
8020
5492
6749
5020
9873
1525
3293
5691
2971
4188
3341
6434
1753
2412
8993
6726
7379
7216
1066
7873
7475
5523
3563
988
9433
670
7017
4038
8151
2839
6952
4624
6147
9624
2207
6887
7858
2965
3229
6377
9540
9790
9776
3868
7533
9432
929
8335
7955
2530
8925
6165
7538
6262
3919
7303
5768
5112
3802
1804
7739
5050
8376
323
378
6876
5422
6550
684
6149
3312
9398
1914
3288
5139
3523
9399
7911
7968
9973
6695
2299
5519
3335
3620
3020
2184
8200
3364
1777
8689
9981
4994
483
5890
8342
6842
5203
5943
4361
1103
4550
9876
4016
2633
2177
8789
9306
1747
7181
1848
6936
8800
9951
7403
1346
2436
5966
5500
5253
7688
5337
1195
4686
4138
3816
1802
9253
247
1499
9051
2956
9750
4700
3420
5551
4108
1119
9062
3097
9650
7053
4824
3855
2631
7865
3098
6946
9950
6823
5779
6264
4095
9823
7012
5715
568
2443
7561
2478
9587
6367
9332
8975
1034
280
9656
9700
3220
8417
5964
2678
300
3192
5502
7800
2346
5008
5429
1833
556
5232
7553
8281
1120
1170
2087
8486
2418
6754
4377
9220
2
5697
5456
188
1550
5071
1503
2640
3486
6298
9234
8456
3085
462
1735
2889
3864
3850
454
9682
6653
603
2590
4442
6541
6551
4321
3352
5531
2363
135
7089
750
563
991
4594
5781
6883
9793
4402
9594
7052
8738
3001
6505
6834
8831
618
7943
5205
492
8033
9708
4495
299
461
5368
8586
2474
5094
7337
2167
2834
6827
4195
8959
4111
161
3758
4525
4825
3668
4903
9936
3789
264
8519
2982
6153
6953
6142
5287
5472
4948
2397
289
8885
9208
19
7639
2601
4818
2004
8988
6947
3495
3148
8075
9728
5822
1589
8887
710
521
9523
8781
3778
4735
9448
681
4924
1102
7458
5490
4271
3700
1293
4217
2696
1205
6208
7711
1303
3154
9156
5343
5185
9042
79
6389
3957
7283
6189
6923
1098
7132
5221
2237
372
5651
2172
2706
1861
2775
2060
2967
6527
3466
9841
9342
7972
4469
3959
9150
5446
7566
5509
7291
8323
8634
2551
8759
5494
5072
5142
5513
1385
6766
3562
5962
6912
5132
1702
5317
3921
5736
6327
3897
5426
5837
7721
3548
5027
1365
6935
2966
3083
6904
4244
5746
6680
3739
5885
9095
381
570
8413
7580
8258
9505
8199
859
605
5557
6561
2468
7824
3105
6481
5452
4142
5564
5234
2162
2588
9701
2042
6997
9311
4539
2035
8160
7087
551
5951
2116
4375
6190
6383
5696
214
1931
4297
907
926
6861
6336
8453
9937
6395
7719
9560
2648
9623
3480
5971
2566
9034
4429
2483
9846
6851
7634
7317
4551
6758
9318
7962
591
5928
2639
3015
110
621
8372
5667
460
4263
9513
8204
1160
1586
2535
2357
9249
3946
3667
1552
9468
8544
1537
1464
9894
1844
6807
7068
3527
421
8741
5085
5128
6380
3144
6730
5217
364
7832
7603
9058
5359
8383
2740
6254
363
2335
6088
3467
7618
9601
5858
3070
3699
9438
974
1414
1831
4848
8739
2540
213
7951
4823
7755
7996
7197
1266
2673
3407
3452
7155
5973
3202
1283
6288
2836
3848
7001
9415
3978
4180
7521
7852
5731
3987
3400
1056
6542
1158
9640
69
9132
9725
4531
538
562
2039
6103
3124
2289
4798
8613
4574
2481
506
8081
4768
736
693
4151
4958
3687
4404
1699
3397
5785
3167
3162
7765
2327
4995
3068
9633
3463
9240
8548
9836
7240
1161
9360
3895
8483
1765
6023
5335
7211
9397
3180
3320
3234
9837
9850
6003
2983
9927
9825
576
9867
1171
9093
7239
3915
6555
30
7967
9010
3238
8992
5370
9990
960
3801
902
1202
1825
4446
9702
6399
1623
8405
9612
5148
8085
9274
5816
2939
6665
1704
1768
8701
1849
572
1132
7235
3603
3011
3639
4678
1729
3583
3404
4372
1314
2217
6439
2147
3107
7502
5041
472
5663
601
5233
7131
3398
7686
104
1899
9204
1432
9797
9870
1071
3679
6322
9402
2748
5995
1364
5765
5953
3993
7753
498
5006
8049
8560
5938
745
3869
592
109
220
2020
4774
3225
4141
4366
9495
7055
3748
1214
3815
1274
719
1981
716
1288
8329
5318
602
4979
9645
9605
7035
5141
912
7129
3072
3936
3840
173
6596
3026
5631
8559
2277
855
1356
2747
5411
7625
8060
6879
4965
9497
5301
7670
7678
5300
351
4416
2561
9922
1058
1911
1695
3825
5473
6446
9377
4348
6643
744
7568
2420
6933
8784
5604
8185
1642
6597
1476
823
8837
733
1554
5107
3300
2010
4208
3719
4103
5256
9238
5048
67
6441
2529
8670
5810
2826
6346
6480
1692
5431
9340
5814
7400
4615
1992
9107
3592
2914
2399
4201
689
382
2649
9615
9504
1689
6239
8053
559
4571
6866
9019
5074
7816
2120
6602
2831
2871
5365
2269
9558
4378
787
8936
5213
8303
3902
1842
3260
7657
5694
4191
7679
9931
1875
453
8207
9792
28
7480
8852
4665
1282
9779
1541
4239
8404
3661
5935
7682
8697
164
7459
604
664
9881
6882
7552
5597
5827
2726
523
2088
590
3717
5046
4211
1939
1330
2325
2150
7231
2712
2714
1559
3177
3434
5188
6429
863
3147
2388
1337
4828
8755
5775
932
6484
2771
7028
3347
3683
8368
8691
401
4908
1879
4934
8751
3382
3491
6745
6756
5353
8707
9952
7073
7434
4493
9356
1369
183
3770
8847
972
5550
9679
7892
151
6967
9467
8808
9653
7172
6449
1799
4367
3276
879
5093
3920
4702
2051
3131
8844
1082
8840
8750
3433
5381
4269
9261
2404
3369
9588
8509
4986
6559
1002
7398
5194
3409
5450
6065
5033
2188
3889
8415
828
5394
18
9526
5790
3096
9785
9538
2911
9254
8387
2808
1628
4708
2281
8596
5395
1756
2846
1478
7175
3123
7926
2133
8696
1391
5703
4843
6241
8156
4467
2182
7808
8647
9510
5633
9124
6413
8757
1151
5695
868
1752
149
8028
1705
7065
5149
4964
5351
4988
9041
7313
8969
1852
8875
7694
9061
9168
36
2767
7258
1426
9829
1902
9662
2142
4628
3139
4724
7636
6736
6204
8268
4440
1711
585
1363
2126
6221
9565
2265
2725
3838
4215
2376
4508
4435
7334
5011
340
6210
2381
4042
3073
8537
1334
7513
4119
1245
3281
3640
3173
9112
5838
7163
6105
7165
8451
1528
8937
2697
3280
1319
4645
1136
436
9088
9692
8657
8477
3759
8583
7818
15
1967
9266
75
193
5451
5561
1605
6983
3627
6731
1646
4073
2719
5747
6523
1614
7697
2251
1801
2022
6938
8057
3308
2161
8948
2326
27
507
184
3808
6847
7088
7885
9225
6941
4685
1457
7628
4730
6917
4795
1780
8462
3395
8542
8192
2670
7906
8134
441
6089
755
2884
6587
368
2576
3918
3904
6104
2268
9806
8094
7495
6062
9263
2664
2924
9826
7731
1788
5226
6491
8048
8920
4291
8140
3994
5933
6295
2922
5147
2111
4602
1008
1997
7136
2458
8973
1512
9845
4275
4775
1468
2606
7948
443
4845
9926
9960
4682
9603
7113
3823
8067
8267
1085
6280
9906
9703
85
7712
1810
5845
3791
6463
2422
8078
2832
3272
3255
4401
9023
6363
3156
8629
4069
8194
479
6233
3158
3191
7734
6196
6672
219
2057
270
2731
2174
4345
344
5941
269
2503
4115
5259
70
2958
5479
3003
4537
5079
9474
2267
1539
5852
3309
528
3090
9737
4653
3894
1268
4062
6223
3094
4868
2360
2253
5994
1949
2254
2398
6136
7931
7680
7207
4726
3528
7656
1276
735
5325
2531
9608
2315
6901
5427
320
511
4187
2629
7095
3270
970
7376
5734
4476
9477
3264
2354
4150
2828
8545
9815
2944
5986
5745
9800
7994
1
8253
4997
4084
2149
9046
1174
8254
2962
3115
3537
6098
9563
9331
2943
649
2310
2990
4490
4206
8232
4299
4055
7613
7954
3462
6271
5137
1021
5190
4207
4651
1445
6199
4164
1381
2186
8643
8288
8038
8273
7436
9748
159
7153
1757
8978
2542
9287
1906
5176
6426
6859
5477
7
941
5525
5982
3695
1995
4732
7681
3688
3634
3380
5122
764
8771
4094
9686
4898
5624
1814
8472
4915
9431
9853
5819
892
394
9366
718
9456
6651
6969
8357
6770
4616
6245
4850
1395
2892
4807
6166
8166
5576
4666
4342
7444
3318
7728
7576
9637
1186
1076
7851
6595
6117
8475
580
6574
6319
5483
4093
8127
2613
4633
8710
7888
4488
6975
2937
3981
4819
2897
2898
9772
4857
3279
5367
6255
9426
1641
7145
8876
2790
9375
166
620
2080
4739
3782
1571
3582
5571
3598
6619
6489
5466
3108
4973
8336
39
3866
3249
922
6178
9783
1984
7584
7361
8709
1047
1587
6215
6687
1672
5009
7742
4043
6488
8454
1351
1721
8195
1099
5196
249
2017
8823
1944
5801
2906
1720
9475
1431
5961
4564
3266
807
207
116
3102
2108
934
2134
7045
7324
6684
9706
6016
1909
352
574
7280
4611
2657
610
4466
9099
7564
2908
5927
4733
5026
7614
1776
7188
1639
8425
4243
439
7114
8880
6986
9996
1146
5952
5092
742
1916
4860
4698
8234
2297
1486
8339
9646
9606
411
7375
2216
3691
9807
8097
2994
2816
5835
4334
5752
1141
9878
1312
4236
3704
3045
259
7956
6804
2893
8440
5056
3416
5044
4289
2208
8301
6654
8684
881
8295
8224
773
5385
4369
5191
1728
4448
3076
5968
3274
376
5425
2316
4785
7151
6465
7435
2795
5603
2012
4052
1060
3414
8465
437
8397
2814
1680
6620
6880
1864
7524
4752
6955
1420
2954
5666
6791
9869
6045
9447
4763
458
2877
4543
8524
5689
8938
9975
279
2471
5415
2285
5849
7160
1228
7359
3708
7154
7749
366
3013
1847
7696
29
8255
5254
2383
4456
2069
5295
6291
6939
1297
4006
83
8088
4434
8511
6286
7530
1763
2618
7675
7898
5722
1375
6845
6272
8398
7118
3829
4713
977
3727
8036
177
9638
1298
6001
9284
5911
4993
8466
6694
4153
4354
6511
4310
2271
8585
2061
3884
1091
3631
4862
4936
1370
9390
2138
8807
8087
9012
4617
5977
8626
4364
4082
609
4751
7271
3427
7463
6391
8112
8786
5894
5846
1237
6833
7703
1216
1089
9064
7945
725
44
765
1542
9570
630
806
9882
7301
2768
2245
9976
5625
7820
7300
2434
5199
5947
6349
6774
2658
4044
8810
2225
2293
8139
3569
8168
9820
6942
4792
1736
2560
6949
2029
8903
8680
2683
1560
4851
8754
5693
7799
5108
7763
1175
6181
4018
8043
5458
3242
2278
5336
781
3995
5851
8217
3346
4670
1862
7079
5579
4618
331
1333
295
8137
1598
8591
8132
3968
1616
3064
4504
4996
6010
5862
2386
1790
5028
2518
8927
4555
2835
7083
8724
2738
4457
1708
6567
8366
706
6648
8736
9977
4591
5102
8246
120
1275
108
4060
8913
7779
5076
6708
4890
3648
8564
6265
4491
9777
4332
7481
8621
9889
1817
8395
4109
3673
4759
7176
224
6085
1832
5075
2512
375
2778
1106
3396
6244
189
7326
6637
4674
3833
100
8534
1366
9891
1022
622
9998
4196
8550
4766
6830
3596
3133
6959
1612
5403
449
474
7451
217
8581
8296
8307
1289
7106
1433
6812
3424
5015
6966
2533
2557
7371
1575
2745
5926
1352
2007
6121
641
2817
2815
8236
4259
9912
5155
600
707
9009
2355
2663
7457
7563
2171
7396
2730
9795
3600
6033
7626
3129
5871
9767
1079
3119
6613
8354
1594
3607
6471
8070
8601
435
322
8349
8650
3684
9522
3150
7121
4711
3378
890
9
9400
1028
9394
8767
8658
7387
7325
5506
3200
3438
6779
6494
8683
4688
9930
9745
8272
3771
209
5482
5620
2718
5222
3286
4400
2953
6945
5573
7846
6668
2734
1876
4515
598
333
248
680
1548
5098
4267
544
8918
391
2375
25
567
6132
3515
9154
857
3479
6482
8924
1162
9096
254
6633
509
4278
3275
6302
7993
5922
1784
6925
5841
5111
6813
8855
239
5488
5613
6447
9828
6495
4806
5848
6592
9152
754
5073
5043
740
3418
452
9805
2058
3423
1775
2473
9021
9278
415
2647
7186
9721
6723
7706
9386
1135
9888
8932
3059
1946
4631
6283
7221
6998
814
3170
7075
5611
2405
8813
2856
9354
9687
1607
9336
8438
397
7193
9211
2978
8870
5840
156
732
3012
6282
9851
7485
1889
4371
9379
8229
275
9177
8203
8766
8158
7059
3048
473
8457
9941
5
6927
5035
4728
4065
9741
4519
3927
7270
5958
5202
3954
4403
5508
7534
182
5081
6676
162
7272
6801
5515
6894
2891
7839
7482
1402
2554
7115
5700
2682
9036
6069
9334
3601
3402
7518
7947
4121
4450
1240
1770
3612
2903
8892
5220
5410
8997
4421
6352
8956
3599
5047
9260
8731
8182
3498
4341
5242
396
5896
2973
3518
996
9453
2332
5546
9529
6289
312
2050
1416
821
3019
7767
7123
518
6902
8708
9802
4079
1233
6848
6287
1893
45
4346
1787
7630
5865
3706
4437
7099
6773
3532
2741
7094
3638
6978
1959
3795
7539
1449
3067
1712
8859
4123
2820
4755
6443
8592
7223
1017
6067
8468
8501
4904
1676
724
2244
3849
4324
3477
5595
7986
9487
2509
812
4535
2617
7366
7185
4380
1500
187
3845
9554
2239
9349
237
2614
1379
2362
4160
9350
7819
1960
1133
1207
6464
4482
1180
5193
2455
9665
6667
9131
7201
1332
9859
1740
5189
3245
5867
5661
8072
3539
679
6052
4864
5920
6081
3834
6387
4489
697
373
7989
3021
6433
5524
6921
3517
2258
6899
6869
3991
4007
3060
561
5228
3656
7147
4538
1895
7838
1164
2300
6913
8904
891
640
5061
515
785
6636
1611
9627
3297
8543
5105
3176
7196
2878
7000
3443
6002
6854
9289
3475
3784
163
8651
1252
1053
5654
5690
7388
1501
7097
9343
3830
767
4676
2628
1602
5818
7335
1653
1181
4705
377
7529
4840
1430
4246
8300
7861
2371
7384
3370
5824
7607
7702
4396
3641
7033
7574
2811
8352
1638
1581
6261
5687
4861
6599
6061
1536
6747
6977
8905
5724
4784
7298
7322
4931
7666
5298
4224
8432
5616
4425
8128
1215
3394
9479
9939
7015
6442
7797
6473
379
5813
844
7101
3125
5024
8064
3317
2720
3252
4747
71
9520
5150
1290
8990
7997
9735
2765
9000
1547
3455
6277
6361
9856
2495
3206
5791
9749
3961
7709
5316
1829
7793
5533
7794
3858
4972
4002
3074
4218
8796
6135
3314
8963
2702
3720
8471
9159
5453
1429
7637
2252
1342
96
8628
9242
7103
3692
9555
2675
495
3702
2308
1437
3410
3035
9167
2887
3340
9161
9357
1077
8073
7660
3339
4826
896
9489
5356
211
8142
8384
8359
392
1441
1024
3696
6540
9987
8772
2896
9104
6926
7642
7555
2660
4642
455
8682
3522
537
2214
1295
3988
216
1483
7684
634
5999
7762
1952
2926
7764
7250
7778
9907
2653
7427
7062
88
8169
903
5296
1067
7110
4383
4932
5219
8119
6475
3257
475
2612
2415
6874
4722
1649
1477
8082
8866
2786
776
7418
2141
7226
4600
2777
9619
4820
4914
1148
8105
4027
5268
2504
4139
432
1722
3714
2862
8502
1688
6837
4783
7671
8517
310
1599
5517
678
112
2175
3762
3112
3159
619
8817
7312
3711
5036
9908
943
1621
281
1865
9887
3744
3265
3948
3847
7724
2524
3205
3386
6138
9239
9285
3062
756
6993
7646
5447
3497
339
7299
8065
885
9847
5555
8233
7321
5881
9839
9910
2833
3674
2539
8458
8674
5634
2083
9102
8388
326
7453
2665
1118
3818
8874
9577
4110
4454
4025
4923
6300
3505
6328
4721
7602
2309
6797
889
6710
5250
6450
6657
1526
5857
8785
4349
815
9661
1933
9127
5174
3891
8721
3114
5771
8109
5710
4681
8361
1134
6819
7565
4534
5330
1843
2762
3345
7593
6950
3268
9842
9359
9393
3591
1234
6478
7107
1030
5590
8161
6746
2545
94
6971
2988
6603
9202
9532
3100
3547
5067
3524
8812
9282
2106
5936
8970
6316
8733
975
9198
2861
263
9339
2796
4159
6960
9666
1482
7364
8806
3925
3962
9165
7573
5856
536
3531
5169
660
4242
7904
7170
7672
8280
6092
9237
4393
5212
337
3116
4261
1069
8116
584
3536
4156
7814
7980
3292
8726
6113
7395
9082
6581
4306
4318
9649
2644
8946
6128
2445
1253
911
1138
2006
9490
8845
982
824
53
1211
731
8355
2525
615
5216
4745
6583
3565
3619
3636
5600
4112
5421
236
6767
4010
5623
7393
4498
242
9875
3389
8799
345
5932
6306
5510
7772
6631
7905
4731
8096
6474
2883
3982
2055
7404
2119
3240
3439
7003
8264
2880
398
5289
6630
5948
6118
2603
7744
1779
6800
5401
3588
1518
388
9581
7456
8178
2403
5463
3828
5993
8356
5040
908
8960
8999
9269
9647
180
6376
9683
1306
3384
4315
4365
9110
5534
6167
6378
3550
1858
7741
8449
6469
9689
5180
7983
434
3660
1248
2121
5179
4684
1401
419
4353
7627
5656
4011
2053
4941
9345
1418
6685
3163
3235
9920
6055
1698
4136
8637
8348
3261
8893
6405
6822
2671
4157
4787
5960
5002
5850
8198
788
4430
5906
8007
7747
6066
3926
1656
7992
4499
7389
4746
8719
3949
6970
7308
2045
4607
6108
2709
6000
8396
8369
6242
5252
5386
6462
7715
6632
1651
1495
7826
7507
2761
3773
5245
1543
8842
6905
5332
7781
1521
7245
9201
1811
150
5617
7990
2546
7293
3454
9353
1173
2340
8131
1285
3602
8430
6520
1759
3735
578
2821
8528
4175
4000
2049
6191
2853
4680
7918
5436
3213
9658
8624
9707
8474
9420
9280
1723
9589
1841
2490
1278
9084
5669
8616
2514
8015
7632
7919