224
244
70
210
140
242
356
296
31
121
101
299
234
379
479
401
472
154
124
494
25
284
301
144
131
214
365
398
289
227
249
13
470
318
222
109
411
77
405
293
49
357
92
282
87
70
183
59
224
158
52
100
442
204
95
72
418
459
322
206
37
70
218
6
387
291
467
149
368
223
441
268
79
384
50
166
306
84
76
381
241
479
480
34
183
426
458
100
236
279
305
273
348
375
130
86
165
96
86
384
318
26
152
249
262
53
266
67
136
341
299
228
171
130
262
205
55
219
156
290
349
313
62
48
187
44
133
203
139
218
87
309
95
90
57
208
142
322
274
277
14
424
4
36
53
117
241
459
187
248
249
387
60
162
434
98
205
418
301
344
487
387
4
82
476
60
141
469
233
415
245
98
190
100
133
243
69
225
201
107
473
301
494
32
315
427
130
19
197
430
214
183
168
217
116
495
128
257
463
360
23
59
457
212
158
442
306
78
166
359
185
138
159
178
22
473
456
151
344
152
432
409
335
451
478
450
445
105
206
259
317
80
317
125
292
326
66
449
404
84
307
88
221
318
117
94
142
72
96
485
224
379
246
410
329
223
211
125
179
417
235
495
348
51
120
139
229
37
88
132
120
246
71
193
63
187
286
205
110
234
41
185
112
138
94
441
360
305
417
39
73
152
385
420
54
356
411
282
393
350
265
12
95
187
56
10
225
342
66
335
427
106
19
38
244
465
330
455
269
247
345
341
250
82
112
303
437
22
437
329
371
53
193
318
92
248
327
316
441
392
2
219
349
373
257
444
337
86
399
105
184
95
297
433
176
408
88
113
282
376
293
4
280
337
321
371
437
499
39
229
242
40
448
91
412
204
386
248
141
284
204
325
231
500
109
406
260
48
370
41
423
15
44
55
351
217
425
287
215
463
16
457
355
463
399
266
18
284
366
158
420
421
334
2
273
295
259
32
342
129
424
117
143
319
171
493
35
95
132
102
410
499
410
264
461
160
381
330
443
246
339
214
19
173
215
291
467
474
174
160
454
449
276
448
267
446
292
154
393
423
107
302
421
16
65
233
27
445
414
321
43
253
35
61
277
101
203
95
426
228
254
231
176
30
178
294
475
470
299
367
244
405
20
17
272
84
101
298
381
15
119
275
267
5
187
395
457
389
489
383
116
242
465
143
123
143
436
450
464
235
168
59
491
188
75
263
123
28
60
3
42
30
