224
244
70
210
140
242
356
296
31
121
101
299
234
379
479
401
472
154
124
494
25
284
301
144
131
214
365
398
289
227
249
13
470
318
222
109
411
77
405
293
49
357
92
282
87
70
183
59
224
158
52
100
442
204
95
72
418
459
322
206
37
70
218
6
387
291
467
149
368
223
441
268
79
384
50
166
306
84
76
381
241
479
480
34
183
426
458
100
236
279
305
273
348
375
130
86
165
96
86
384
318
26
152
249
262
53
266
67
136
341
299
228
171
130
262
205
55
219
156
290
349
313
62
48
187
44
133
203
139
218
87
309
95
90
57
208
142
322
274
277
14
424
4
36
53
117
241
459
187
248
249
387
60
162
434
98
205
418
301
344
487
387
4
82
476
60
141
469
233
415
245
98
190
100
133
243
69
225
201
107
473
301
494
32
315
427
130
19
197
430
214
183
168
217
116
495
128
257
463
360
23
59
457
212
158
442
306
78
166
359
185
138
159
178
22
473
456
151
344
152
432
409
335
451
478
450
445
105
206
259
317
80
317
125
292
326
66
449
404
84
307
88
221
318
117
94
142
72
96
485
224
379
246
410
329
223
211
125
179
417
235
495
348
51
120
139
229
37
88
132
120
246
71
193
63
187
286
205
110
234
41
185
112
138
94
441
360
305
417
39
73
152
385
420
54
356
411
282
393
350
265
12
95
187
56
10
225
342
66
335
427
106
19
38
244
465
330
455
269
247
345
341
250
82
112
303
437
22
437
329
371
53
193
318
92
248
327
316
441
392
2
219
349
373
257
444
337
86
399
105
184
95
297
433
176
408
88
113
282
376
293
4
280
337
321
371
437
499
39
229
242
40
448
91
412
204
386
248
141
284
204
325
231
500
109
406
260
48
370
41
423
15
44
55
351
217
425
287
215
463
16
457
355
463
399
266
18
284
366
158
420
421
334
2
273
295
259
32
342
129
424
117
143
319
171
493
35
95
132
102
410
499
410
264
461
160
381
330
443
246
339
214
19
173
215
291
467
474
174
160
454
449
276
448
267
446
292
154
393
423
107
302
421
16
65
233
27
445
414
321
43
253
35
61
277
101
203
95
426
228
254
231
176
30
178
294
475
470
299
367
244
405
20
17
272
84
101
298
381
15
119
275
267
5
187
395
457
389
489
383
116
242
465
143
123
143
436
450
464
235
168
59
491
188
75
263
123
28
60
3
42
30
277
160
34
463
54
343
203
394
77
170
135
41
312
258
35
100
207
498
186
226
409
176
413
335
290
36
362
202
38
403
231
167
414
117
481
319
459
184
212
35
353
199
427
17
308
462
468
366
311
153
91
219
180
4
54
470
39
415
23
428
170
105
446
435
221
427
254
31
110
317
417
314
15
344
330
174
305
149
39
115
301
130
186
333
485
239
154
375
5
176
154
26
280
100
461
353
26
214
383
487
382
152
300
249
495
482
422
151
130
461
117
283
442
302
115
278
392
268
152
249
295
305
274
74
256
234
426
281
299
161
267
181
312
419
429
158
252
202
160
233
14
276
367
307
430
481
84
173
100
87
421
394
392
195
320
147
280
97
280
79
257
398
111
420
168
391
429
419
92
88
4
458
364
370
264
145
203
348
317
302
434
90
48
177
284
219
176
415
315
307
345
424
204
455
343
224
197
272
494
141
359
497
98
74
219
361
218
421
60
387
74
346
476
473
374
111
191
401
377
6
207
222
281
263
176
123
486
225
246
479
365
457
328
462
382
46
174
452
466
86
338
39
283
165
12
156
127
54
409
3
59
115
224
191
229
252
314
214
476
411
45
192
219
372
5
101
417
30
404
234
115
93
124
249
109
487
405
235
41
313
89
451
279
165
142
360
268
307
73
95
69
469
286
288
192
290
240
460
171
143
193
286
235
317
34
343
155
290
429
195
454
369
146
85
33
139
444
300
445
368
394
13
337
31
152
380
320
391
340
491
385
32
128
471
200
13
313
207
155
93
401
108
462
398
44
494
36
487
146
480
207
391
345
395
422
496
274
93
239
113
83
123
497
62
94
48
427
258
254
81
351
7
40
164
404
84
9
440
422
6
271
128
397
115
22
318
463
296
410
201
260
345
323
108
406
416
156
184
26
261
264
228
267
304
391
171
239
251
462
160
257
84
288
153
199
309
470
13
456
231
213
216
75
387
175
333
155
330
16
180
443
280
407
209
435
149
231
173
399
44
332
7
128
471
159
178
132
480
190
87
211
254
154
137
140
329
469
294
10
485
473
304
116
231
13
50
