19710
23771
25066
3234
4175
30879
21805
22869
31559
12747
21828
14447
17103
27481
21958
23416
21086
15159
14610
7005
8266
10478
17930
28105
20637
9681
29664
7849
9709
15547
22024
29329
17853
19283
26420
17834
18346
12752
31918
20291
31962
5769
13131
19302
20656
28802
5341
26275
5895
449
30084
27111
30518
19184
4821
11720
24168
19067
3642
9837
28412
210
31477
18726
2835
18086
800
23384
15896
24772
5375
13091
26781
28505
31138
22612
6374
24062
7047
2663
8419
22532
15062
22862
16370
28411
18128
21614
16780
10701
8630
27840
24126
28190
4440
18873
28253
18695
10303
5109
5061
16185
27613
15555
17965
31382
13590
31000
25301
11982
3661
10589
23216
9711
4319
30329
14840
30978
10061
27696
31545
14550
17438
20790
3579
10314
14692
7078
32511
24206
23894
24797
1068
15072
29923
607
24331
2747
22318
15596
25059
11566
20180
6971
28761
5472
7232
21218
9739
15200
25008
6893
30040
12323
9604
16719
26691
14220
28493
1823
19167
13119
15157
23536
9081
12487
2478
23261
14454
30765
30198
13032
25418
16111
27976
21459
24920
8850
29203
23566
27904
25895
4364
23610
1538
13301
13945
3640
17941
24459
22510
3892
26656
18436
7345
30334
3244
4411
32037
12193
20683
32206
13468
5013
19092
27927
8774
30482
1232
20919
7042
14795
32167
7606
16761
16800
19184
10205
28246
30005
15819
869
4239
17096
3023
3584
16847
10785
5874
10187
17056
28137
9235
8985
499
8044
5106
21326
26096
5576
10423
21062
13894
31714
2042
31134
16155
25398
14833
16102
4247
26712
9041
28753
30518
18846
25570
15396
7756
12932
17135
9679
4042
22732
1159
3792
16244
11129
15020
8231
11150
5934
584
1890
23568
20427
25685
13724
28810
15937
23689
28559
12836
13123
9517
29322
30230
31260
32604
16505
29471
16677
10300
21703
7206
8619
4398
3590
30776
28477
16857
21672
3620
2038
21380
7686
29419
18710
2868
14248
10342
4448
24
32338
28990
31574
5592
14836
31702
18057
8053
2187
12345
9528
10843
23020
26538
3963
1212
293
27937
17273
23543
2652
29590
13001
22335
3437
11745
24056
30896
4327
22011
2211
15653
28242
4769
17331
23788
18344
9617
11188
21370
8198
13981
6863
18940
31599
25514
27231
14041
15889
658
32620
15262
18113
899
14403
2741
5194
20738
11969
16878
13434
28592
18560
31018
22983
23658
27759
11435
18696
21271
12106
20187
21850
20762
8660
13476
19900
17221
2875
7814
6777
11297
26197
32615
30314
27369
4538
7313
14865
3104
22291
17984
18374
28156
24368
32368
5216
21655
20702
28262
4517
17415
18896
18822
12997
22987
29916
14953
25956
9799
7830
11035
20160
26467
20464
24131
21868
21706
25601
14627
21719
6122
19706
28954
1852
6848
25602
3244
15316
11765
32022
26567
27659
6963
20683
31031
18786
7005
19303
5898
25488
10642
26235
13860
16953
28229
16267
30079
2213
16320
31768
14215
19045
23651
4744
22554
21300
7922
29550
4145
19646
27985
8803
25750
31589
28125
4201
14816
15904
25631
28127
8790
5476
8055
31817
15190
12978
499
14173
1328
12243
32544
27522
21679
1839
28547
2050
18193
20969
12576
25305
10200
5566
5891
32177
31003
1207
12227
26022
3861
17797
10297
19782
22240
15710
987
10758
7308
18033
17975
21582
28749
22243
21598
27933
15536
526
2909
15914
24271
27361
23112
27984
16518
20425
8311
5819
26587
32130
27944
1987
15678
22984
22994
6270
7076
14243
18419
11612
675
11061
22953
28220
24918
2905
7761
30661
23361
3071
19056
6862
30061
20435
16611
788
8539
25928
4588
19574
4657
23186
15389
7684
17970
8102
25213
4029
31685
30767
31432
3256
2650
15403
16794
324
10713
3972
16093
18315
10717
11169
30252
25702
2981
14977
12932
17135
9679
4042
22732
1159
3792
16244
11129
15020
8231
11150
5934
584
1890
23568
20427
25685
13724
28810
15937
23689
28559
12836
13123
9517
29322
30230
31260
32604
16505
29471
16677
10300
21703
7206
8619
4398
3590
30776
28477
16857
21672
3620
2038
21380
7686
29419
18710
2868
14248
10342
4448
24
32338
28990
31574
5592
14836
31702
18057
8053
2187
12345
9528
10843
23020
26538
3963
1212
293
27937
17273
23543
2652
29590
13001
22335
3437
11745
24056
30896
4327
22011
2211
15653
28242
4769
17331
23788
18344
9617
11188
21370
8198
13981
6863
18940
31599
25514
27231
14041
15889
658
32620
15262
18113
899
14403
2741
5194
20738
11969
16878
13434
28592
18560
31018
22983
23658
27759
11435
18696
21271
12106
20187
21850
20762
8660
13476
19900
17221
2875
7814
6777
11297
26197
32615
30314
27369
4538
7313
14865
3104
22291
17984
18374
28156
24368
32368
5216
21655
20702
28262
4517
17415
18896
18822
12997
22987
29916
14953
25956
9799
7830
11035
20160
26467
20464
24131
21868
21706
25601
14627
21719
6122
19706
28954
1852
6848
25602
3244
15316
11765
32022
26567
27659
6963
20683
31031
18786
7005
19303
5898
25488
10642
26235
13860
16953
28229
16267
30079
2213
16320
31768
14215
19045
23651
4744
22554
21300
7922
29550
4145
19646
27985
8803
25750
31589
28125
4201
14816
15904
25631
28127
8790
5476
8055
31817
15190
12978
499
14173
1328
12243
32544
27522
21679
1839
28547
2050
18193
20969
12576
25305
10200
5566
5891
32177
31003
1207
12227
26022
3861
17797
10297
19782
22240
15710
987
10758
7308
18033
17975
21582
28749
22243
21598
27933
15536
526
2909
15914
24271
27361
23112
27984
16518
20425
8311
5819
26587
32130
27944
1987
15678
22984
22994
6270
7076
14243
18419
11612
675
11061
22953
28220
24918
2905
7761
30661
23361
3071
19056
6862
30061
20435
16611
788
8539
25928
4588
19574
4657
23186
15389
7684
17970
8102
25213
4029
31685
30767
31432
3256
2650
15403
16794
324
10713
3972
16093
18315
10717
11169
30252
25702
2981
14977
20435
16611
788
8539
25928
4588
19574
4657
23186
15389
7684
17970
8102
25213
4029
31685
30767
31432
3256
2650
15403
16794
324
10713
3972
16093
18315
10717
11169
30252
25702
2981
14977
6611
788
8539
25928
4588
19574
4657
23186
15389
7684
17970
8102
25213
4029
31685
30767
31432
3256
2650
15403
16794
324
10713
3972
16093
18315
10717
11169
30252
25702
19710
23771
25066
3234
4175
30879
21805
22869
31559
12747
21828
14447
17103
27481
21958
23416
21086
15159
14610
7005
8266
10478
17930
28105
20637
9681
29664
7849
9709
15547
22024
29329
17853
19283
26420
17834
18346
12752
31918
20291
31962
5769
13131
19302
20656
28802
5341
26275
5895
449
30084
27111
30518
19184
4821
11720
24168
19067
3642
9837
28412
210
31477
18726
2835
18086
800
23384
15896
24772
5375
13091
26781
28505
31138
22612
6374
24062
7047
2663
8419
22532
15062
22862
16370
28411
18128
21614
16780
10701
8630
27840
24126
28190
4440
18873
28253
18695
10303
5109
5061
16185
27613
15555
17965
31382
13590
31000
25301
11982
3661
10589
23216
9711
4319
30329
14840
30978
10061
27696
31545
14550
17438
20790
3579
10314
14692
7078
32511
24206
23894
24797
1068
15072
29923
607
24331
2747
22318
15596
25059
11566
20180
6971
28761
5472
7232
21218
9739
15200
25008
6893
30040
12323
9604
16719
26691
14220
28493
1823
19167
13119
15157
23536
9081
12487
2478
23261
14454
30765
30198
13032
25418
16111
27976
21459
24920
8850
29203
23566
27904
25895
4364
23610
1538
13301
13945
3640
17941
24459
22510
3892
26656
18436
7345
30334
3244
4411
32037
12193
20683
32206
13468
5013
19092
27927
8774
30482
1232
20919
7042
14795
32167
7606
16761
16800
19184
10205
28246
30005
15819
869
4239
17096
3023
3584
16847
10785
5874
10187
17056
28137
9235
8985
499
8044
5106
21326
26096
5576
10423
21062
13894
31714
2042
31134
16155
25398
14833
16102
4247
26712
9041
28753
30518
18846
25570
15396
7756
12932
17135
9679
4042
22732
1159
3792
16244
11129
15020
8231
11150
5934
584
1890
23568
20427
25685
13724
28810
15937
23689
28559
12836
13123
9517
29322
30230
31260
32604
16505
29471
16677
10300
21703
7206
8619
4398
3590
30776
28477
16857
21672
3620
2038
21380
7686
29419
18710
2868
14248
10342
4448
24
32338
28990
31574
5592
14836
31702
18057
8053
2187
12345
9528
10843
23020
26538
3963
1212
293
27937
17273
23543
2652
29590
13001
22335
3437
11745
24056
30896
4327
22011
2211
15653
28242
4769
17331
23788
18344
9617
11188
21370
8198
13981
6863
18940
31599
25514
27231
14041
15889
658
32620
15262
18113
899
14403
2741
5194
20738
11969
16878
13434
28592
18560
31018
22983
23658
27759
11435
18696
21271
12106
20187
21850
20762
8660
13476
19900
17221
2875
7814
6777
11297
26197
32615
30314
27369
4538
7313
14865
3104
22291
17984
18374
28156
24368
32368
5216
21655
20702
28262
4517
17415
18896
18822
12997
22987
29916
14953
25956
9799
7830
11035
20160
26467
20464
24131
21868
21706
25601
14627
21719
6122
19706
28954
1852
6848
25602
3244
15316
11765
32022
26567
27659
6963
20683
31031
18786
7005
19303
5898
25488
10642
26235
13860
16953
28229
16267
30079
2213
16320
31768
14215
19045
23651
4744
22554
21300
7922
29550
4145
19646
27985
8803
25750
31589
28125
4201
14816
15904
25631
28127
8790
5476
8055
31817
15190
12978
499
14173
1328
12243
32544
27522
21679
1839
28547
2050
18193
20969
12576
25305
10200
5566
5891
32177
31003
1207
12227
26022
3861
17797
10297
19782
22240
15710
987
10758
7308
18033
17975
21582
28749
22243
21598
27933
15536
526
2909
15914
24271
27361
23112
27984
16518
20425
8311
5819
26587
32130
27944
1987
15678
22984
22994
6270
7076
14243
18419
11612
675
11061
22953
28220
24918
2905
7761
30661
23361
3071
19056
6862
30061
20435
16611
788
8539
25928
4588
19574
4657
23186
15389
7684
17970
8102
25213
4029
31685
30767
31432
3256
2650
15403
16794
324
10713
3972
16093
18315
10717
11169
30252
25702
2981
14977
12932
17135
9679
4042
22732
1159
3792
16244
11129
15020
8231
11150
5934
584
1890
23568
20427
25685
13724
28810
15937
23689
28559
12836
13123
9517
29322
30230
31260
32604
16505
29471
16677
10300
21703
7206
8619
4398
3590
30776
28477
16857
21672
3620
2038
21380
7686
29419
18710
2868
14248
10342
4448
24
32338
28990
31574
5592
14836
31702
18057
8053
2187
12345
9528
10843
23020
26538
3963
1212
293
27937
17273
23543
2652
29590
13001
22335
3437
11745
24056
30896
4327
22011
2211
15653
28242
4769
17331
23788
18344
9617
11188
21370
8198
13981
6863
18940
31599
25514
27231
14041
15889
658
32620
15262
18113
899
14403
2741
5194
20738
11969
16878
13434
28592
18560
31018
22983
23658
27759
11435
18696
21271
12106
20187
21850
20762
8660
13476
19900
17221
2875
7814
6777
11297
26197
32615
30314
27369
4538
7313
14865
3104
22291
17984
18374
28156
24368
32368
5216
21655
20702
28262
4517
17415
18896
18822
12997
22987
29916
14953
25956
9799
7830
11035
20160
26467
20464
24131
21868
21706
25601
14627
21719
6122
19706
28954
1852
6848
25602
3244
15316
11765
32022
26567
27659
6963
20683
31031
18786
7005
19303
5898
25488
10642
26235
13860
16953
28229
16267
30079
2213
16320
31768
14215
19045
23651
4744
22554
21300
7922
29550
4145
19646
27985
8803
25750
31589
28125
4201
14816
15904
25631
28127
8790
5476
8055
31817
15190
12978
499
14173
1328
12243
32544
27522
21679
1839
28547
2050
18193
20969
12576
25305
10200
5566
5891
32177
31003
1207
12227
26022
3861
17797
10297
19782
22240
15710
987
10758
7308
18033
17975
21582
28749
22243
21598
27933
15536
526
2909
15914
24271
27361
23112
27984
16518
20425
8311
5819
26587
32130
27944
1987
15678
22984
22994
6270
7076
14243
18419
11612
675
11061
22953
28220
24918
2905
7761
30661
23361
3071
19056
6862
30061
20435
16611
788
8539
25928
4588
19574
4657
23186
15389
7684
17970
8102
25213
4029
31685
30767
31432
3256
2650
15403
16794
324
10713
3972
16093
18315
10717
11169
30252
25702
2981
14977
20435
16611
788
8539
25928
4588
19574
4657
23186
15389
7684
17970
8102
25213
4029
31685
30767
31432
3256
2650
15403
16794
324
10713
3972
16093
18315
10717
11169
30252
25702
2981
14977
6611
788
8539
25928
4588
19574
4657
23186
15389
7684
17970
8102
25213
4029
31685
30767
31432
3256
2650
15403
16794
324
10713
3972
16093
18315
10717
11169
30252
25702
19710
23771
25066
3234
4175
30879
21805
22869
31559
12747
21828
14447
17103
27481
21958
23416
21086
15159
14610
7005
8266
10478
17930
28105
20637
9681
29664
7849
9709
15547
22024
29329
17853
19283
26420
17834
18346
12752
31918
20291
31962
5769
13131
19302
20656
28802
5341
26275
5895
449
30084
27111
30518
19184
4821
11720
24168
19067
3642
9837
28412
210
31477
18726
2835
18086
800
23384
15896
24772
5375
13091
26781
28505
31138
22612
6374
24062
7047
2663
8419
22532
15062
22862
16370
28411
18128
21614
16780
10701
8630
27840
24126
28190
4440
18873
28253
18695
10303
5109
5061
16185
27613
15555
17965
31382
13590
31000
25301
11982
3661
10589
23216
9711
4319
30329
14840
30978
10061
27696
31545
14550
17438
20790
3579
10314
14692
7078
32511
24206
23894
24797
1068
15072
29923
607
24331
2747
22318
15596
25059
11566
20180
6971
28761
5472
7232
21218
9739
15200
25008
6893
30040
12323
9604
16719
26691
14220
28493
1823
19167
13119
15157
23536
9081
12487
2478
23261
14454
30765
30198
13032
25418
16111
27976
21459
24920
8850
29203
23566
27904
25895
4364
23610
1538
13301
13945
3640
17941
24459
22510
3892
26656
18436
7345
30334
3244
4411
32037
12193
20683
32206
13468
5013
19092
27927
8774
30482
1232
20919
7042
14795
32167
7606
16761
16800
19184
10205
28246
30005
15819
869
4239
17096
3023
3584
16847
10785
5874
10187
17056
28137
9235
8985
499
8044
5106
21326
26096
5576
10423
21062
13894
31714
2042
31134
16155
25398
14833
16102
4247
26712
9041
28753
30518
18846
25570
15396
7756
12932
17135
9679
4042
22732
1159
3792
16244
11129
15020
8231
11150
5934
584
1890
23568
20427
25685
13724
28810
15937
23689
28559
12836
13123
9517
29322
30230
31260
32604
16505
29471
16677
10300
21703
7206
8619
4398
3590
30776
28477
16857
21672
3620
2038
21380
7686
29419
18710
2868
14248
10342
4448
24
32338
28990
31574
5592
14836
31702
18057
8053
2187
12345
9528
10843
23020
26538
3963
1212
293
27937
17273
23543
2652
29590
13001
22335
3437
11745
24056
30896
4327
22011
2211
15653
28242
4769
17331
23788
18344
9617
11188
21370
8198
13981
6863
18940
31599
25514
27231
14041
15889
658
32620
15262
18113
899
14403
2741
5194
20738
11969
16878
13434
28592
18560
31018
22983
23658
27759
11435
18696
21271
12106
20187
21850
20762
8660
13476
19900
17221
2875
7814
6777
11297
26197
32615
30314
27369
4538
7313
14865
3104
22291
17984
18374
28156
24368
32368
5216
21655
20702
28262
4517
17415
18896
18822
12997
22987
29916
14953
25956
9799
7830
11035
20160
26467
20464
24131
21868
21706
25601
14627
21719
6122
19706
28954
1852
6848
25602
3244
15316
11765
32022
26567
27659
6963
20683
31031
18786
7005
19303
5898
25488
10642
26235
13860
16953
28229
16267
30079
2213
16320
31768
14215
19045
23651
4744
22554
21300
7922
29550
4145
19646
27985
8803
25750
31589
28125
4201
14816
15904
25631
28127
8790
5476
8055
31817
15190
12978
499
14173
1328
12243
32544
27522
21679
1839
28547
2050
18193
20969
12576
25305
10200
5566
5891
32177
31003
1207
12227
26022
3861
17797
10297
19782
22240
15710
987
10758
7308
18033
17975
21582
28749
22243
21598
27933
15536
526
2909
15914
24271
27361
23112
27984
16518
20425
8311
5819
26587
32130
27944
1987
15678
22984
22994
6270
7076
14243
18419
11612
675
11061
22953
28220
24918
2905
7761
30661
23361
3071
19056
6862
30061
20435
16611
788
8539
25928
4588
19574
4657
23186
15389
7684
17970
8102
25213
4029
31685
30767
31432
3256
2650
15403
16794
324
10713
3972
16093
18315
10717
11169
30252
25702
2981
14977
12932
17135
9679
4042
22732
1159
3792
16244
11129
15020
8231
11150
5934
584
1890
23568
20427
25685
13724
28810
15937
23689
28559
12836
13123
9517
29322
30230
31260
32604
16505
29471
16677
10300
21703
7206
8619
4398
3590
30776
28477
16857
21672
3620
2038
21380
7686
29419
18710
2868
14248
10342
4448
24
32338
28990
31574
5592
14836
31702
18057
8053
2187
12345
9528
10843
23020
26538
3963
1212
293
27937
17273
23543
2652
29590
13001
22335
3437
11745
24056
30896
4327
22011
2211
15653
28242
4769
17331
23788
18344
9617
11188
21370
8198
13981
6863
18940
31599
25514
27231
14041
15889
658
32620
15262
18113
899
14403
2741
5194
20738
11969
16878
13434
28592
18560
31018
22983
23658
27759
11435
18696
21271
12106
20187
21850
20762
8660
13476
19900
17221
2875
7814
6777
11297
26197
32615
30314
27369
4538
7313
14865
3104
22291
17984
18374
28156
24368
32368
5216
21655
20702
28262
4517
17415
18896
18822
12997
22987
29916
14953
25956
9799
7830
11035
20160
26467
20464
24131
21868
21706
25601
14627
21719
6122
19706
28954
1852
6848
25602
3244
15316
11765
32022
26567
27659
6963
20683
31031
18786
7005
19303
5898
25488
10642
26235
13860
16953
28229
16267
30079
2213
16320
31768
14215
19045
23651
4744
22554
21300
7922
29550
4145
19646
27985
8803
25750
31589
28125
4201
14816
15904
25631
28127
8790
5476
8055
31817
15190
12978
499
14173
1328
12243
32544
27522
21679
1839
28547
2050
18193
20969
12576
25305
10200
5566
5891
32177
31003
1207
12227
26022
3861
17797
10297
19782
22240
15710
987
10758
7308
18033
17975
21582
28749
22243
21598
27933
15536
526
2909
15914
24271
27361
23112
27984
16518
20425
8311
5819
26587
32130
27944
1987
15678
22984
22994
6270
7076
14243
18419
11612
675
11061
22953
28220
24918
2905
7761
30661
23361
3071
19056
6862
30061
20435
16611
788
8539
25928
4588
19574
4657
23186
15389
7684
17970
8102
25213
4029
31685
30767
31432
3256
2650
15403
16794
324
10713
3972
16093
18315
10717
11169
30252
25702
2981
14977
20435
16611
788
8539
25928
4588
19574
4657
23186
15389
7684
17970
8102
25213
4029
31685
30767
31432
3256
2650
15403
16794
324
10713
3972
16093
18315
10717
11169
30252
25702
2981
14977
6611
788
8539
25928
4588
19574
4657
23186
15389
7684
17970
8102
25213
4029
31685
30767
31432
3256
2650
15403
16794
324
10713
3972
16093
18315
10717
11169
30252
25702
19710
23771
25066
3234
4175
30879
21805
22869
31559
12747
21828
14447
17103
27481
21958
23416
21086
15159
14610
7005
8266
10478
17930
28105
20637
9681
29664
7849
9709
15547
22024
29329
17853
19283
26420
17834
18346
12752
31918
20291
31962
5769
13131
19302
20656
28802
5341
26275
5895
449
30084
27111
30518
19184
4821
11720
24168
19067
3642
9837
28412
210
31477
18726
2835
18086
800
23384
15896
24772
5375
13091
26781
28505
31138
22612
6374
24062
7047
2663
8419
22532
15062
22862
16370
28411
18128
21614
16780
10701
8630
27840
24126
28190
4440
18873
28253
18695
10303
5109
5061
16185
27613
15555
17965
31382
13590
31000
25301
11982
3661
10589
23216
9711
4319
30329
14840
30978
10061
27696
31545
14550
17438
20790
3579
10314
14692
7078
32511
24206
23894
24797
1068
15072
29923
607
24331
2747
22318
15596
25059
11566
20180
6971
28761
5472
7232
21218
9739
15200
25008
6893
30040
12323
9604
16719
26691
14220
28493
1823
19167
13119
15157
23536
9081
12487
2478
23261
14454
30765
30198
13032
25418
16111
27976
21459
24920
8850
29203
23566
27904
25895
4364
23610
1538
13301
13945
3640
17941
24459
22510
3892
26656
18436
7345
30334
3244
4411
32037
12193
20683
32206
13468
5013
19092
27927
8774
30482
1232
20919
7042
14795
32167
7606
16761
16800
19184
10205
28246
30005
15819
869
4239
17096
3023
3584
16847
10785
5874
10187
17056
28137
9235
8985
499
8044
5106
21326
26096
5576
10423
21062
13894
31714
2042
31134
16155
25398
14833
16102
4247
26712
9041
28753
30518
18846
25570
15396
7756
12932
17135
9679
4042
22732
1159
3792
16244
11129
15020
8231
11150
5934
584
1890
23568
20427
25685
13724
28810
15937
23689
28559
12836
13123
9517
29322
30230
31260
32604
16505
29471
16677
10300
21703
7206
8619
4398
3590
30776
28477
16857
21672
3620
2038
21380
7686
29419
18710
2868
14248
10342
4448
24
32338
28990
31574
5592
14836
31702
18057
8053
2187
12345
9528
10843
23020
26538
3963
1212
293
27937
17273
23543
2652
29590
13001
22335
3437
11745
24056
30896
4327
22011
2211
15653
28242
4769
17331
23788
18344
9617
11188
21370
8198
13981
6863
18940
31599
25514
27231
14041
15889
658
32620
15262
18113
899
14403
2741
5194
20738
11969
16878
13434
28592
18560
31018
22983
23658
27759
11435
18696
21271
12106
20187
21850
20762
8660
13476
19900
17221
2875
7814
6777
11297
26197
32615
30314
27369
4538
7313
14865
3104
22291
17984
18374
28156
24368
32368
5216
21655
20702
28262
4517
17415
18896
18822
12997
22987
29916
14953
25956
9799
7830
11035
20160
26467
20464
24131
21868
21706
25601
14627
21719
6122
19706
28954
1852
6848
25602
3244
15316
11765
32022
26567
27659
6963
20683
31031
18786
7005
19303
5898
25488
10642
26235
13860
16953
28229
16267
30079
2213
16320
31768
14215
19045
23651
4744
22554
21300
7922
29550
4145
19646
27985
8803
25750
31589
28125
4201
14816
15904
25631
28127
8790
5476
8055
31817
15190
12978
499
14173
1328
12243
32544
27522
21679
1839
28547
2050
18193
20969
12576
25305
10200
5566
5891
32177
31003
1207
12227
26022
3861
17797
10297
19782
22240
15710
987
10758
7308
18033
17975
21582
28749
22243
21598
27933
15536
526
2909
15914
24271
27361
23112
27984
16518
20425
8311
5819
26587
32130
27944
1987
15678
22984
22994
6270
7076
14243
18419
11612
675
11061
22953
28220
24918
2905
7761
30661
23361
3071
19056
6862
30061
20435
16611
788
8539
25928
4588
19574
4657
23186
15389
7684
17970
8102
25213
4029
31685
30767
31432
3256
2650
15403
16794
324
10713
3972
16093
18315
10717
11169
30252
25702
2981
14977
12932
17135
9679
4042
22732
1159
3792
16244
11129
15020
8231
11150
5934
584
1890
23568
20427
25685
13724
28810
15937
23689
28559
12836
13123
9517
29322
30230
31260
32604
16505
29471
16677
10300
21703
7206
8619
4398
3590
30776
28477
16857
21672
3620
2038
21380
7686
29419
18710
2868
14248
10342
4448
24
32338
28990
31574
5592
14836
31702
18057
8053
2187
12345
9528
10843
23020
26538
3963
1212
293
27937
17273
23543
2652
29590
13001
22335
3437
11745
24056
30896
4327
22011
2211
15653
28242
4769
17331
23788
18344
9617
11188
21370
8198
13981
6863
18940
31599
25514
27231
14041
15889
658
32620
15262
18113
899
14403
2741
5194
20738
11969
16878
13434
28592
18560
31018
22983
23658
27759
11435
18696
21271
12106
20187
21850
20762
8660
13476
19900
17221
2875
7814
6777
11297
26197
32615
30314
27369
4538
7313
14865
3104
22291
17984
18374
28156
24368
32368
5216
21655
20702
28262
4517
17415
18896
18822
12997
22987
29916
14953
25956
9799
7830
11035
20160
26467
20464
24131
21868
21706
25601
14627
21719
6122
19706
28954
1852
6848
25602
3244
15316
11765
32022
26567
27659
6963
20683
31031
18786
7005
19303
5898
25488
10642
26235
13860
16953
28229
16267
30079
2213
16320
31768
14215
19045
23651
4744
22554
21300
7922
29550
4145
19646
27985
8803
25750
31589
28125
4201
14816
15904
25631
28127
8790
5476
8055
31817
15190
12978
499
14173
1328
12243
32544
27522
21679
1839
28547
2050
18193
20969
12576
25305
10200
5566
5891
32177
31003
1207
12227
26022
3861
17797
10297
19782
22240
15710
987
10758
7308
18033
17975
21582
28749
22243
21598
27933
15536
526
2909
15914
24271
27361
23112
27984
16518
20425
8311
5819
26587
32130
27944
1987
15678
22984
22994
6270
7076
14243
18419
11612
675
11061
22953
28220
24918
2905
7761
30661
23361
3071
19056
6862
30061
20435
16611
788
8539
25928
4588
19574
4657
23186
15389
7684
17970
8102
25213
4029
31685
30767
31432
3256
2650
15403
16794
324
10713
3972
16093
18315
10717
11169
30252
25702
2981
14977
20435
16611
788
8539
25928
4588
19574
4657
23186
15389
7684
17970
8102
25213
4029
31685
30767
31432
3256
2650
15403
16794
324
10713
3972
16093
18315
10717
11169
30252
25702
2981
14977
6611
788
8539
25928
4588
19574
4657
23186
15389
7684
17970
8102
25213
4029
31685
30767
31432
3256
2650
15403
16794
324
10713
3972
16093
18315
10717
11169
30252
25702
